##TITLE= Parameter file, TopSpin 3.6.2
##JCAMPDX= 5.0
##DATATYPE= Parameter Values
##NPOINTS= 2	$$ modification sequence number
##ORIGIN= Bruker BioSpin GmbH
##OWNER= nmr-user
$$ 2020-06-29 20:50:46.182 +0800  CHEM\nmr-user@CUTTLEFISH-CRL
$$ C:\NMR\data\mfgroup\nmr/jy-200629-gramicidine-2/22002/pdata/1/clevels
$$ process C:\Bruker\TopSpin3.6.2\prog\mod\proc2d.exe
##$LEVELS= (0..255)
8549.29 -8549.29 11170.21 -11170.21 14594.62 -14594.62 19068.83 -19068.83
24914.69 -24914.69 32552.68 -32552.68 42532.22 -42532.22 55571.15 -55571.15
72607.37 -72607.37 94866.31 -94866.31 123949.08 -123949.08 161947.63 -161947.63
211595.24 -211595.24 276463.11 -276463.11 361217.25 -361217.25 471954.11
-471954.11 616639.11 -616639.11 805679.58 -805679.58 1052673.4 -1052673.4
1375387.08 -1375387.08 0 0 0 0 0 0 0 0 0 0 0 0 0 0 0 0 0 0 0 0 0 0 0 0
0 0 0 0 0 0 0 0 0 0 0 0 0 0 0 0 0 0 0 0 0 0 0 0 0 0 0 0 0 0 0 0 0 0 0 0
0 0 0 0 0 0 0 0 0 0 0 0 0 0 0 0 0 0 0 0 0 0 0 0 0 0 0 0 0 0 0 0 0 0 0 0
0 0 0 0 0 0 0 0 0 0 0 0 0 0 0 0 0 0 0 0 0 0 0 0 0 0 0 0 0 0 0 0 0 0 0 0
0 0 0 0 0 0 0 0 0 0 0 0 0 0 0 0 0 0 0 0 0 0 0 0 0 0 0 0 0 0 0 0 0 0 0 0
0 0 0 0 0 0 0 0 0 0 0 0 0 0 0 0 0 0 0 0 0 0 0 0 0 0 0 0 0 0 0 0 0 0 0 0
0 0 0 0 0 0 0 0 0 0 0 0
##$LEVSIGN= 3
##$MAXLEV= 20
##$METHOD= 0
##$NEGBASE= -8549.29
##$NEGINCR= 1.8
##$POSBASE= 8549.29
##$POSINCR= 1.8
##END=
