##TITLE= Parameter file, TopSpin 4.1.0
##JCAMPDX= 5.0
##DATATYPE= Parameter Values
##NPOINTS= 26	$$ modification sequence number
##ORIGIN= Bruker BioSpin GmbH
##OWNER= yongrenjie
$$ 2020-11-30 00:00:02.406 +0000  yongrenjie@Empoleon.local
$$ /Volumes/JonY/dphil/expn/nmr/201119-7g-noah-xspstspx/15004/pdata/1/clevels
$$ process /opt/topspin4.1.0/prog/mod/dataserver
##$LEVELS= (0..255)
-521094.2 -434245.2 -361871 -301559.2 -251299.3 -209416.1 -174513.4 -145427.8
-121189.9 -100991.6 -84159.6 -70133 -58444.2 -48703.5 -40586.2 -33821.9
-28184.9 -23487.4 -19572.8 -16310.7 16310.7 19572.8 23487.4 28184.9 33821.9
40586.2 48703.5 58444.2 70133 84159.6 100991.6 121189.9 145427.8 174513.4
209416.1 251299.3 301559.2 361871 434245.2 521094.2 0 0 0 0 0 0 0 0 0 0
0 0 0 0 0 0 0 0 0 0 0 0 0 0 0 0 0 0 0 0 0 0 0 0 0 0 0 0 0 0 0 0 0 0 0 0
0 0 0 0 0 0 0 0 0 0 0 0 0 0 0 0 0 0 0 0 0 0 0 0 0 0 0 0 0 0 0 0 0 0 0 0
0 0 0 0 0 0 0 0 0 0 0 0 0 0 0 0 0 0 0 0 0 0 0 0 0 0 0 0 0 0 0 0 0 0 0 0
0 0 0 0 0 0 0 0 0 0 0 0 0 0 0 0 0 0 0 0 0 0 0 0 0 0 0 0 0 0 0 0 0 0 0 0
0 0 0 0 0 0 0 0 0 0 0 0 0 0 0 0 0 0 0 0 0 0 0 0 0 0 0 0 0 0 0 0 0 0 0 0
0 0 0 0 0 0 0 0 0 0 0 0 0 0 0 0 0 0 0 0 0 0 0 0 0 0
##$LEVSIGN= 3
##$MAXLEV= 20
##$METHOD= 0
##$NEGBASE= -16310.7
##$NEGINCR= 1.2
##$POSBASE= 16310.7
##$POSINCR= 1.2
##END=
