##TITLE= cawurst-20, 0.5000ms, 24.684324 W
##JCAMP-DX= 5.00 Bruker JCAMP library 
##DATA TYPE= Shape Data 
##ORIGIN= Bruker BioSpin GmbH 
##OWNER= <WaveMaker> 
##DATE= Jul 23 2019 
##TIME= 02:13:41 
##$SHAPE_PARAMETERS= Type: cawurst-20
##MINX= 0.039314 
##MAXX= 100.000000 
##MINY= 0.000000 
##MAXY= 360.000000 
##$SHAPE_EXMODE= Adiabatic
##$SHAPE_TOTROT= 180.00 
##$SHAPE_TYPE= Inversion
##$SHAPE_USER_DEF= Tp=500.0000 us, gB1max=8929.2 Hz, f1=-58084.2 Hz, f2=58084.2 Hz
##$SHAPE_REPHFAC= 
##$SHAPE_BWFAC= 19.361 
##$SHAPE_BWFAC50= 
##$SHAPE_INTEGFAC= 0.111993 
##$SHAPE_MODE= 0 
##NPOINTS= 500 
##XYPOINTS= (XY..XY) 
3.931350e-002,  3.363876e+002 
1.571644e-001,  3.294175e+002 
3.532841e-001,  3.224474e+002 
6.272263e-001,  3.154773e+002 
9.783680e-001,  3.085072e+002 
1.405913e+000,  3.015372e+002 
1.908892e+000,  2.945671e+002 
2.486171e+000,  2.875970e+002 
3.136451e+000,  2.806269e+002 
3.858274e+000,  2.736569e+002 
4.650029e+000,  2.666870e+002 
5.509957e+000,  2.597171e+002 
6.436158e+000,  2.527473e+002 
7.426597e+000,  2.457777e+002 
8.479112e+000,  2.388082e+002 
9.591422e+000,  2.318391e+002 
1.076113e+001,  2.248702e+002 
1.198575e+001,  2.179018e+002 
1.326267e+001,  2.109339e+002 
1.458923e+001,  2.039666e+002 
1.596266e+001,  1.970001e+002 
1.738015e+001,  1.900345e+002 
1.883882e+001,  1.830700e+002 
2.033573e+001,  1.761068e+002 
2.186791e+001,  1.691451e+002 
2.343237e+001,  1.621851e+002 
2.502609e+001,  1.552270e+002 
2.664603e+001,  1.482713e+002 
2.828916e+001,  1.413180e+002 
2.995246e+001,  1.343677e+002 
3.163291e+001,  1.274206e+002 
3.332754e+001,  1.204771e+002 
3.503339e+001,  1.135375e+002 
3.674756e+001,  1.066024e+002 
3.846717e+001,  9.967220e+001 
4.018943e+001,  9.274729e+001 
4.191160e+001,  8.582819e+001 
4.363100e+001,  7.891542e+001 
4.534505e+001,  7.200950e+001 
4.705123e+001,  6.511098e+001 
4.874712e+001,  5.822043e+001 
5.043038e+001,  5.133844e+001 
5.209879e+001,  4.446560e+001 
5.375021e+001,  3.760253e+001 
5.538262e+001,  3.074986e+001 
5.699408e+001,  2.390823e+001 
5.858280e+001,  1.707829e+001 
6.014708e+001,  1.026071e+001 
6.168532e+001,  3.456150e+000 
6.319606e+001,  3.566653e+002 
6.467794e+001,  3.498888e+002 
6.612973e+001,  3.431274e+002 
6.755030e+001,  3.363817e+002 
6.893863e+001,  3.296524e+002 
7.029384e+001,  3.229403e+002 
7.161514e+001,  3.162459e+002 
7.290184e+001,  3.095700e+002 
7.415339e+001,  3.029132e+002 
7.536933e+001,  2.962763e+002 
7.654929e+001,  2.896597e+002 
7.769300e+001,  2.830643e+002 
7.880032e+001,  2.764906e+002 
7.987117e+001,  2.699392e+002 
8.090556e+001,  2.634108e+002 
8.190360e+001,  2.569060e+002 
8.286546e+001,  2.504253e+002 
8.379142e+001,  2.439693e+002 
8.468179e+001,  2.375386e+002 
8.553698e+001,  2.311338e+002 
8.635745e+001,  2.247552e+002 
8.714372e+001,  2.184035e+002 
8.789637e+001,  2.120792e+002 
8.861601e+001,  2.057826e+002 
8.930333e+001,  1.995143e+002 
8.995903e+001,  1.932748e+002 
9.058386e+001,  1.870643e+002 
9.117860e+001,  1.808834e+002 
9.174405e+001,  1.747324e+002 
9.228106e+001,  1.686118e+002 
9.279046e+001,  1.625217e+002 
9.327313e+001,  1.564627e+002 
9.372995e+001,  1.504350e+002 
9.416180e+001,  1.444389e+002 
9.456959e+001,  1.384747e+002 
9.495421e+001,  1.325427e+002 
9.531655e+001,  1.266432e+002 
9.565752e+001,  1.207764e+002 
9.597799e+001,  1.149425e+002 
9.627885e+001,  1.091418e+002 
9.656096e+001,  1.033744e+002 
9.682519e+001,  9.764061e+001 
9.707236e+001,  9.194056e+001 
9.730332e+001,  8.627444e+001 
9.751886e+001,  8.064239e+001 
9.771976e+001,  7.504458e+001 
9.790680e+001,  6.948114e+001 
9.808073e+001,  6.395221e+001 
9.824225e+001,  5.845791e+001 
9.839208e+001,  5.299835e+001 
9.853088e+001,  4.757363e+001 
9.865931e+001,  4.218387e+001 
9.877799e+001,  3.682914e+001 
9.888753e+001,  3.150954e+001 
9.898850e+001,  2.622513e+001 
9.908144e+001,  2.097600e+001 
9.916690e+001,  1.576221e+001 
9.924536e+001,  1.058381e+001 
9.931731e+001,  5.440870e+000 
9.938320e+001,  3.334400e-001 
9.944345e+001,  3.552616e+002 
9.949849e+001,  3.502253e+002 
9.954868e+001,  3.452246e+002 
9.959440e+001,  3.402597e+002 
9.963599e+001,  3.353304e+002 
9.967376e+001,  3.304369e+002 
9.970802e+001,  3.255791e+002 
9.973905e+001,  3.207571e+002 
9.976711e+001,  3.159710e+002 
9.979246e+001,  3.112206e+002 
9.981531e+001,  3.065061e+002 
9.983590e+001,  3.018275e+002 
9.985440e+001,  2.971847e+002 
9.987102e+001,  2.925779e+002 
9.988591e+001,  2.880069e+002 
9.989924e+001,  2.834719e+002 
9.991115e+001,  2.789728e+002 
9.992178e+001,  2.745096e+002 
9.993124e+001,  2.700824e+002 
9.993966e+001,  2.656911e+002 
9.994714e+001,  2.613357e+002 
9.995377e+001,  2.570163e+002 
9.995963e+001,  2.527329e+002 
9.996481e+001,  2.484855e+002 
9.996938e+001,  2.442740e+002 
9.997341e+001,  2.400985e+002 
9.997694e+001,  2.359590e+002 
9.998004e+001,  2.318554e+002 
9.998276e+001,  2.277878e+002 
9.998514e+001,  2.237563e+002 
9.998721e+001,  2.197607e+002 
9.998901e+001,  2.158011e+002 
9.999058e+001,  2.118775e+002 
9.999194e+001,  2.079898e+002 
9.999312e+001,  2.041382e+002 
9.999414e+001,  2.003225e+002 
9.999501e+001,  1.965429e+002 
9.999577e+001,  1.927992e+002 
9.999642e+001,  1.890916e+002 
9.999697e+001,  1.854199e+002 
9.999745e+001,  1.817842e+002 
9.999785e+001,  1.781846e+002 
9.999820e+001,  1.746209e+002 
9.999849e+001,  1.710932e+002 
9.999874e+001,  1.676015e+002 
9.999895e+001,  1.641458e+002 
9.999913e+001,  1.607261e+002 
9.999928e+001,  1.573424e+002 
9.999940e+001,  1.539947e+002 
9.999951e+001,  1.506830e+002 
9.999959e+001,  1.474072e+002 
9.999967e+001,  1.441675e+002 
9.999973e+001,  1.409638e+002 
9.999978e+001,  1.377961e+002 
9.999982e+001,  1.346644e+002 
9.999985e+001,  1.315686e+002 
9.999988e+001,  1.285089e+002 
9.999990e+001,  1.254851e+002 
9.999992e+001,  1.224974e+002 
9.999994e+001,  1.195457e+002 
9.999995e+001,  1.166299e+002 
9.999996e+001,  1.137502e+002 
9.999997e+001,  1.109064e+002 
9.999998e+001,  1.080987e+002 
9.999998e+001,  1.053269e+002 
9.999998e+001,  1.025911e+002 
9.999999e+001,  9.989136e+001 
9.999999e+001,  9.722759e+001 
9.999999e+001,  9.459982e+001 
9.999999e+001,  9.200804e+001 
1.000000e+002,  8.945226e+001 
1.000000e+002,  8.693248e+001 
1.000000e+002,  8.444870e+001 
1.000000e+002,  8.200091e+001 
1.000000e+002,  7.958912e+001 
1.000000e+002,  7.721332e+001 
1.000000e+002,  7.487352e+001 
1.000000e+002,  7.256972e+001 
1.000000e+002,  7.030192e+001 
1.000000e+002,  6.807011e+001 
1.000000e+002,  6.587430e+001 
1.000000e+002,  6.371449e+001 
1.000000e+002,  6.159067e+001 
1.000000e+002,  5.950285e+001 
1.000000e+002,  5.745103e+001 
1.000000e+002,  5.543521e+001 
1.000000e+002,  5.345538e+001 
1.000000e+002,  5.151154e+001 
1.000000e+002,  4.960371e+001 
1.000000e+002,  4.773187e+001 
1.000000e+002,  4.589603e+001 
1.000000e+002,  4.409619e+001 
1.000000e+002,  4.233234e+001 
1.000000e+002,  4.060449e+001 
1.000000e+002,  3.891263e+001 
1.000000e+002,  3.725678e+001 
1.000000e+002,  3.563692e+001 
1.000000e+002,  3.405305e+001 
1.000000e+002,  3.250519e+001 
1.000000e+002,  3.099332e+001 
1.000000e+002,  2.951745e+001 
1.000000e+002,  2.807757e+001 
1.000000e+002,  2.667369e+001 
1.000000e+002,  2.530581e+001 
1.000000e+002,  2.397393e+001 
1.000000e+002,  2.267804e+001 
1.000000e+002,  2.141815e+001 
1.000000e+002,  2.019425e+001 
1.000000e+002,  1.900636e+001 
1.000000e+002,  1.785446e+001 
1.000000e+002,  1.673855e+001 
1.000000e+002,  1.565865e+001 
1.000000e+002,  1.461474e+001 
1.000000e+002,  1.360682e+001 
1.000000e+002,  1.263491e+001 
1.000000e+002,  1.169899e+001 
1.000000e+002,  1.079907e+001 
1.000000e+002,  9.935140e+000 
1.000000e+002,  9.107210e+000 
1.000000e+002,  8.315280e+000 
1.000000e+002,  7.559350e+000 
1.000000e+002,  6.839410e+000 
1.000000e+002,  6.155470e+000 
1.000000e+002,  5.507520e+000 
1.000000e+002,  4.895580e+000 
1.000000e+002,  4.319630e+000 
1.000000e+002,  3.779670e+000 
1.000000e+002,  3.275720e+000 
1.000000e+002,  2.807760e+000 
1.000000e+002,  2.375790e+000 
1.000000e+002,  1.979830e+000 
1.000000e+002,  1.619860e+000 
1.000000e+002,  1.295890e+000 
1.000000e+002,  1.007910e+000 
1.000000e+002,  7.559300e-001 
1.000000e+002,  5.399500e-001 
1.000000e+002,  3.599700e-001 
1.000000e+002,  2.159800e-001 
1.000000e+002,  1.079900e-001 
1.000000e+002,  3.600000e-002 
1.000000e+002,  0.000000e+000 
1.000000e+002,  0.000000e+000 
1.000000e+002,  3.600000e-002 
1.000000e+002,  1.079900e-001 
1.000000e+002,  2.159800e-001 
1.000000e+002,  3.599700e-001 
1.000000e+002,  5.399500e-001 
1.000000e+002,  7.559300e-001 
1.000000e+002,  1.007910e+000 
1.000000e+002,  1.295890e+000 
1.000000e+002,  1.619860e+000 
1.000000e+002,  1.979830e+000 
1.000000e+002,  2.375790e+000 
1.000000e+002,  2.807760e+000 
1.000000e+002,  3.275720e+000 
1.000000e+002,  3.779670e+000 
1.000000e+002,  4.319630e+000 
1.000000e+002,  4.895580e+000 
1.000000e+002,  5.507520e+000 
1.000000e+002,  6.155470e+000 
1.000000e+002,  6.839410e+000 
1.000000e+002,  7.559350e+000 
1.000000e+002,  8.315280e+000 
1.000000e+002,  9.107210e+000 
1.000000e+002,  9.935140e+000 
1.000000e+002,  1.079907e+001 
1.000000e+002,  1.169899e+001 
1.000000e+002,  1.263491e+001 
1.000000e+002,  1.360682e+001 
1.000000e+002,  1.461474e+001 
1.000000e+002,  1.565865e+001 
1.000000e+002,  1.673855e+001 
1.000000e+002,  1.785446e+001 
1.000000e+002,  1.900636e+001 
1.000000e+002,  2.019425e+001 
1.000000e+002,  2.141815e+001 
1.000000e+002,  2.267804e+001 
1.000000e+002,  2.397393e+001 
1.000000e+002,  2.530581e+001 
1.000000e+002,  2.667369e+001 
1.000000e+002,  2.807757e+001 
1.000000e+002,  2.951745e+001 
1.000000e+002,  3.099332e+001 
1.000000e+002,  3.250519e+001 
1.000000e+002,  3.405305e+001 
1.000000e+002,  3.563692e+001 
1.000000e+002,  3.725678e+001 
1.000000e+002,  3.891263e+001 
1.000000e+002,  4.060449e+001 
1.000000e+002,  4.233234e+001 
1.000000e+002,  4.409619e+001 
1.000000e+002,  4.589603e+001 
1.000000e+002,  4.773187e+001 
1.000000e+002,  4.960371e+001 
1.000000e+002,  5.151154e+001 
1.000000e+002,  5.345538e+001 
1.000000e+002,  5.543521e+001 
1.000000e+002,  5.745103e+001 
1.000000e+002,  5.950285e+001 
1.000000e+002,  6.159067e+001 
1.000000e+002,  6.371449e+001 
1.000000e+002,  6.587430e+001 
1.000000e+002,  6.807011e+001 
1.000000e+002,  7.030192e+001 
1.000000e+002,  7.256972e+001 
1.000000e+002,  7.487352e+001 
1.000000e+002,  7.721332e+001 
1.000000e+002,  7.958912e+001 
1.000000e+002,  8.200091e+001 
1.000000e+002,  8.444870e+001 
1.000000e+002,  8.693248e+001 
1.000000e+002,  8.945226e+001 
9.999999e+001,  9.200804e+001 
9.999999e+001,  9.459982e+001 
9.999999e+001,  9.722759e+001 
9.999999e+001,  9.989136e+001 
9.999998e+001,  1.025911e+002 
9.999998e+001,  1.053269e+002 
9.999998e+001,  1.080987e+002 
9.999997e+001,  1.109064e+002 
9.999996e+001,  1.137502e+002 
9.999995e+001,  1.166299e+002 
9.999994e+001,  1.195457e+002 
9.999992e+001,  1.224974e+002 
9.999990e+001,  1.254851e+002 
9.999988e+001,  1.285089e+002 
9.999985e+001,  1.315686e+002 
9.999982e+001,  1.346644e+002 
9.999978e+001,  1.377961e+002 
9.999973e+001,  1.409638e+002 
9.999967e+001,  1.441675e+002 
9.999959e+001,  1.474072e+002 
9.999951e+001,  1.506830e+002 
9.999940e+001,  1.539947e+002 
9.999928e+001,  1.573424e+002 
9.999913e+001,  1.607261e+002 
9.999895e+001,  1.641458e+002 
9.999874e+001,  1.676015e+002 
9.999849e+001,  1.710932e+002 
9.999820e+001,  1.746209e+002 
9.999785e+001,  1.781846e+002 
9.999745e+001,  1.817842e+002 
9.999697e+001,  1.854199e+002 
9.999642e+001,  1.890916e+002 
9.999577e+001,  1.927992e+002 
9.999501e+001,  1.965429e+002 
9.999414e+001,  2.003225e+002 
9.999312e+001,  2.041382e+002 
9.999194e+001,  2.079898e+002 
9.999058e+001,  2.118775e+002 
9.998901e+001,  2.158011e+002 
9.998721e+001,  2.197607e+002 
9.998514e+001,  2.237563e+002 
9.998276e+001,  2.277878e+002 
9.998004e+001,  2.318554e+002 
9.997694e+001,  2.359590e+002 
9.997341e+001,  2.400985e+002 
9.996938e+001,  2.442740e+002 
9.996481e+001,  2.484855e+002 
9.995963e+001,  2.527329e+002 
9.995377e+001,  2.570163e+002 
9.994714e+001,  2.613357e+002 
9.993966e+001,  2.656911e+002 
9.993124e+001,  2.700824e+002 
9.992178e+001,  2.745096e+002 
9.991115e+001,  2.789728e+002 
9.989924e+001,  2.834719e+002 
9.988591e+001,  2.880069e+002 
9.987102e+001,  2.925779e+002 
9.985440e+001,  2.971847e+002 
9.983590e+001,  3.018275e+002 
9.981531e+001,  3.065061e+002 
9.979246e+001,  3.112206e+002 
9.976711e+001,  3.159710e+002 
9.973905e+001,  3.207571e+002 
9.970802e+001,  3.255791e+002 
9.967376e+001,  3.304369e+002 
9.963599e+001,  3.353304e+002 
9.959440e+001,  3.402597e+002 
9.954868e+001,  3.452246e+002 
9.949849e+001,  3.502253e+002 
9.944345e+001,  3.552616e+002 
9.938320e+001,  3.334400e-001 
9.931731e+001,  5.440870e+000 
9.924536e+001,  1.058381e+001 
9.916690e+001,  1.576221e+001 
9.908144e+001,  2.097600e+001 
9.898850e+001,  2.622513e+001 
9.888753e+001,  3.150954e+001 
9.877799e+001,  3.682914e+001 
9.865931e+001,  4.218387e+001 
9.853088e+001,  4.757363e+001 
9.839208e+001,  5.299835e+001 
9.824225e+001,  5.845791e+001 
9.808073e+001,  6.395221e+001 
9.790680e+001,  6.948114e+001 
9.771976e+001,  7.504458e+001 
9.751886e+001,  8.064239e+001 
9.730332e+001,  8.627444e+001 
9.707236e+001,  9.194056e+001 
9.682519e+001,  9.764061e+001 
9.656096e+001,  1.033744e+002 
9.627885e+001,  1.091418e+002 
9.597799e+001,  1.149425e+002 
9.565752e+001,  1.207764e+002 
9.531655e+001,  1.266432e+002 
9.495421e+001,  1.325427e+002 
9.456959e+001,  1.384747e+002 
9.416180e+001,  1.444389e+002 
9.372995e+001,  1.504350e+002 
9.327313e+001,  1.564627e+002 
9.279046e+001,  1.625217e+002 
9.228106e+001,  1.686118e+002 
9.174405e+001,  1.747324e+002 
9.117860e+001,  1.808834e+002 
9.058386e+001,  1.870643e+002 
8.995903e+001,  1.932748e+002 
8.930333e+001,  1.995143e+002 
8.861601e+001,  2.057826e+002 
8.789637e+001,  2.120792e+002 
8.714372e+001,  2.184035e+002 
8.635745e+001,  2.247552e+002 
8.553698e+001,  2.311338e+002 
8.468179e+001,  2.375386e+002 
8.379142e+001,  2.439693e+002 
8.286546e+001,  2.504253e+002 
8.190360e+001,  2.569060e+002 
8.090556e+001,  2.634108e+002 
7.987117e+001,  2.699392e+002 
7.880032e+001,  2.764906e+002 
7.769300e+001,  2.830643e+002 
7.654929e+001,  2.896597e+002 
7.536933e+001,  2.962763e+002 
7.415339e+001,  3.029132e+002 
7.290184e+001,  3.095700e+002 
7.161514e+001,  3.162459e+002 
7.029384e+001,  3.229403e+002 
6.893863e+001,  3.296524e+002 
6.755030e+001,  3.363817e+002 
6.612973e+001,  3.431274e+002 
6.467794e+001,  3.498888e+002 
6.319606e+001,  3.566653e+002 
6.168532e+001,  3.456150e+000 
6.014708e+001,  1.026071e+001 
5.858280e+001,  1.707829e+001 
5.699408e+001,  2.390823e+001 
5.538262e+001,  3.074986e+001 
5.375021e+001,  3.760253e+001 
5.209879e+001,  4.446560e+001 
5.043038e+001,  5.133844e+001 
4.874712e+001,  5.822043e+001 
4.705123e+001,  6.511098e+001 
4.534505e+001,  7.200950e+001 
4.363100e+001,  7.891542e+001 
4.191160e+001,  8.582819e+001 
4.018943e+001,  9.274729e+001 
3.846717e+001,  9.967220e+001 
3.674756e+001,  1.066024e+002 
3.503339e+001,  1.135375e+002 
3.332754e+001,  1.204771e+002 
3.163291e+001,  1.274206e+002 
2.995246e+001,  1.343677e+002 
2.828916e+001,  1.413180e+002 
2.664603e+001,  1.482713e+002 
2.502609e+001,  1.552270e+002 
2.343237e+001,  1.621851e+002 
2.186791e+001,  1.691451e+002 
2.033573e+001,  1.761068e+002 
1.883882e+001,  1.830700e+002 
1.738015e+001,  1.900345e+002 
1.596266e+001,  1.970001e+002 
1.458923e+001,  2.039666e+002 
1.326267e+001,  2.109339e+002 
1.198575e+001,  2.179018e+002 
1.076113e+001,  2.248702e+002 
9.591422e+000,  2.318391e+002 
8.479112e+000,  2.388082e+002 
7.426597e+000,  2.457777e+002 
6.436158e+000,  2.527473e+002 
5.509957e+000,  2.597171e+002 
4.650029e+000,  2.666870e+002 
3.858274e+000,  2.736569e+002 
3.136451e+000,  2.806269e+002 
2.486171e+000,  2.875970e+002 
1.908892e+000,  2.945671e+002 
1.405913e+000,  3.015372e+002 
9.783680e-001,  3.085072e+002 
6.272263e-001,  3.154773e+002 
3.532841e-001,  3.224474e+002 
1.571644e-001,  3.294175e+002 
3.931350e-002,  3.363876e+002 
##END 
