##TITLE= Parameter file, TopSpin 4.0.8
##JCAMPDX= 5.0
##DATATYPE= Parameter Values
##NPOINTS= 1	$$ modification sequence number
##ORIGIN= Bruker BioSpin GmbH
##OWNER= yongrenjie
$$ 2020-07-01 02:36:47.488 +0800  yongrenjie@jymbp.local
$$ /Users/yongrenjie/dphil/exp/200629/nmr/jy-200629-gramicidine-2/22001/pdata/2/clevels
$$ process /opt/topspin4.0.8/prog/mod/dirdata
##$LEVELS= (0..255)
7273.33 -7273.33 8114.45 -8114.45 9052.85 -9052.85 10099.77 -10099.77 11267.76
-11267.76 12570.82 -12570.82 14024.57 -14024.57 15646.45 -15646.45 17455.88
-17455.88 19474.57 -19474.57 21726.71 -21726.71 24239.3 -24239.3 27042.46
-27042.46 30169.79 -30169.79 33658.78 -33658.78 37551.26 -37551.26 41893.88
-41893.88 46738.7 -46738.7 52143.8 -52143.8 58173.98 -58173.98 0 0 0 0
0 0 0 0 0 0 0 0 0 0 0 0 0 0 0 0 0 0 0 0 0 0 0 0 0 0 0 0 0 0 0 0 0 0 0 0
0 0 0 0 0 0 0 0 0 0 0 0 0 0 0 0 0 0 0 0 0 0 0 0 0 0 0 0 0 0 0 0 0 0 0 0
0 0 0 0 0 0 0 0 0 0 0 0 0 0 0 0 0 0 0 0 0 0 0 0 0 0 0 0 0 0 0 0 0 0 0 0
0 0 0 0 0 0 0 0 0 0 0 0 0 0 0 0 0 0 0 0 0 0 0 0 0 0 0 0 0 0 0 0 0 0 0 0
0 0 0 0 0 0 0 0 0 0 0 0 0 0 0 0 0 0 0 0 0 0 0 0 0 0 0 0 0 0 0 0 0 0 0 0
0 0 0 0 0 0 0 0 0 0 0 0 0 0 0 0 0 0 0 0 0 0 0 0 0 0 0 0 0 0 0 0
##$LEVSIGN= 3
##$MAXLEV= 20
##$METHOD= 0
##$NEGBASE= -7273.33
##$NEGINCR= 1.8
##$POSBASE= 7273.33
##$POSINCR= 1.8
##END=
