##TITLE= Parameter file, TopSpin 4.1.0
##JCAMPDX= 5.0
##DATATYPE= Parameter Values
##NPOINTS= 1	$$ modification sequence number
##ORIGIN= Bruker BioSpin GmbH
##OWNER= yongrenjie
$$ 2020-11-20 18:07:10.512 +0000  yongrenjie@Empoleon.local
$$ /Volumes/JonY/dphil/expn/nmr/201119-7g-noah-xspstspx/15004/pdata/2/clevels
$$ process /opt/topspin4.1.0/prog/mod/dirdata
##$LEVELS= (0..255)
-1752747.8 -1460623.2 -1217186 -1014321.6 -845268.1 -704390 -586991.7 -489159.7
-407633.1 -339694.2 -283078.5 -235898.8 -196582.3 -163818.6 -136515.5 -113762.9
-94802.4 -79002.1 -65835 -54862.5 54862.5 65835 79002.1 94802.4 113762.9
136515.5 163818.6 196582.3 235898.8 283078.5 339694.2 407633.1 489159.7
586991.7 704390 845268.1 1014321.6 1217186 1460623.2 1752747.8 0 0 0 0
0 0 0 0 0 0 0 0 0 0 0 0 0 0 0 0 0 0 0 0 0 0 0 0 0 0 0 0 0 0 0 0 0 0 0 0
0 0 0 0 0 0 0 0 0 0 0 0 0 0 0 0 0 0 0 0 0 0 0 0 0 0 0 0 0 0 0 0 0 0 0 0
0 0 0 0 0 0 0 0 0 0 0 0 0 0 0 0 0 0 0 0 0 0 0 0 0 0 0 0 0 0 0 0 0 0 0 0
0 0 0 0 0 0 0 0 0 0 0 0 0 0 0 0 0 0 0 0 0 0 0 0 0 0 0 0 0 0 0 0 0 0 0 0
0 0 0 0 0 0 0 0 0 0 0 0 0 0 0 0 0 0 0 0 0 0 0 0 0 0 0 0 0 0 0 0 0 0 0 0
0 0 0 0 0 0 0 0 0 0 0 0 0 0 0 0 0 0 0 0 0 0 0 0 0 0 0 0 0 0 0 0
##$LEVSIGN= 1
##$MAXLEV= 20
##$METHOD= 0
##$NEGBASE= -54862.5
##$NEGINCR= 1.2
##$POSBASE= 54862.5
##$POSINCR= 1.2
##END=
