##TITLE= wurst-40, 1.1132ms, 10.907362 W
##JCAMP-DX= 5.00 Bruker JCAMP library 
##DATA TYPE= Shape Data 
##ORIGIN= Bruker BioSpin GmbH 
##OWNER= <WaveMaker> 
##DATE= Jul 23 2019 
##TIME= 02:13:41 
##$SHAPE_PARAMETERS= Type: wurst-40
##MINX= 0.000000 
##MAXX= 100.000000 
##MINY= 0.000000 
##MAXY= 360.000000 
##$SHAPE_EXMODE= Adiabatic
##$SHAPE_TOTROT= 180.00 
##$SHAPE_TYPE= Inversion
##$SHAPE_USER_DEF= Tp=1113.2000 us, gB1max=5935.5 Hz, f1=-73925.3 Hz, f2=73925.3 Hz
##$SHAPE_REPHFAC= 
##$SHAPE_BWFAC= 54.862 
##$SHAPE_BWFAC50= 
##$SHAPE_INTEGFAC= 0.075672 
##$SHAPE_MODE= 0 
##NPOINTS= 506 
##XYPOINTS= (XY..XY) 
0.000000e+000,  0.000000e+000 
7.737163e-002,  2.892932e+002 
3.091335e-001,  2.698544e+002 
6.942291e-001,  2.504931e+002 
1.230907e+000,  2.312093e+002 
1.916731e+000,  2.120028e+002 
2.748605e+000,  1.928739e+002 
3.722787e+000,  1.738223e+002 
4.834923e+000,  1.548482e+002 
6.080077e+000,  1.359516e+002 
7.452767e+000,  1.171324e+002 
8.947005e+000,  9.839065e+001 
1.055634e+001,  7.972635e+001 
1.227389e+001,  6.113949e+001 
1.409243e+001,  4.263007e+001 
1.600440e+001,  2.419810e+001 
1.800196e+001,  5.843580e+000 
2.007706e+001,  3.475665e+002 
2.222151e+001,  3.293669e+002 
2.442699e+001,  3.112447e+002 
2.668511e+001,  2.931999e+002 
2.898749e+001,  2.752326e+002 
3.132580e+001,  2.573428e+002 
3.369179e+001,  2.395304e+002 
3.607735e+001,  2.217954e+002 
3.847457e+001,  2.041379e+002 
4.087573e+001,  1.865578e+002 
4.327341e+001,  1.690552e+002 
4.566046e+001,  1.516300e+002 
4.803008e+001,  1.342823e+002 
5.037580e+001,  1.170120e+002 
5.269155e+001,  9.981914e+001 
5.497165e+001,  8.270374e+001 
5.721085e+001,  6.566578e+001 
5.940433e+001,  4.870527e+001 
6.154768e+001,  3.182221e+001 
6.363696e+001,  1.501659e+001 
6.566866e+001,  3.582884e+002 
6.763975e+001,  3.416377e+002 
6.954758e+001,  3.250644e+002 
7.138997e+001,  3.085686e+002 
7.316516e+001,  2.921502e+002 
7.487178e+001,  2.758092e+002 
7.650886e+001,  2.595457e+002 
7.807581e+001,  2.433597e+002 
7.957238e+001,  2.272510e+002 
8.099866e+001,  2.112199e+002 
8.235507e+001,  1.952662e+002 
8.364228e+001,  1.793899e+002 
8.486127e+001,  1.635911e+002 
8.601324e+001,  1.478697e+002 
8.709960e+001,  1.322257e+002 
8.812197e+001,  1.166592e+002 
8.908214e+001,  1.011702e+002 
8.998203e+001,  8.575858e+001 
9.082369e+001,  7.042442e+001 
9.160930e+001,  5.516770e+001 
9.234107e+001,  3.998843e+001 
9.302133e+001,  2.488661e+001 
9.365240e+001,  9.862230e+000 
9.423665e+001,  3.549153e+002 
9.477646e+001,  3.400458e+002 
9.527420e+001,  3.252538e+002 
9.573221e+001,  3.105392e+002 
9.615281e+001,  2.959020e+002 
9.653827e+001,  2.813423e+002 
9.689082e+001,  2.668601e+002 
9.721259e+001,  2.524552e+002 
9.750569e+001,  2.381279e+002 
9.777212e+001,  2.238779e+002 
9.801382e+001,  2.097055e+002 
9.823262e+001,  1.956104e+002 
9.843030e+001,  1.815928e+002 
9.860852e+001,  1.676527e+002 
9.876887e+001,  1.537900e+002 
9.891283e+001,  1.400047e+002 
9.904183e+001,  1.262969e+002 
9.915717e+001,  1.126666e+002 
9.926008e+001,  9.911363e+001 
9.935170e+001,  8.563816e+001 
9.943312e+001,  7.224013e+001 
9.950530e+001,  5.891955e+001 
9.956916e+001,  4.567641e+001 
9.962554e+001,  3.251072e+001 
9.967520e+001,  1.942247e+001 
9.971886e+001,  6.411670e+000 
9.975716e+001,  3.534783e+002 
9.979068e+001,  3.406224e+002 
9.981995e+001,  3.278439e+002 
9.984545e+001,  3.151429e+002 
9.986763e+001,  3.025193e+002 
9.988687e+001,  2.899732e+002 
9.990352e+001,  2.775045e+002 
9.991790e+001,  2.651133e+002 
9.993029e+001,  2.527995e+002 
9.994095e+001,  2.405631e+002 
9.995008e+001,  2.284042e+002 
9.995790e+001,  2.163228e+002 
9.996458e+001,  2.043188e+002 
9.997026e+001,  1.923922e+002 
9.997509e+001,  1.805431e+002 
9.997919e+001,  1.687714e+002 
9.998265e+001,  1.570771e+002 
9.998557e+001,  1.454604e+002 
9.998803e+001,  1.339210e+002 
9.999009e+001,  1.224591e+002 
9.999182e+001,  1.110747e+002 
9.999326e+001,  9.976767e+001 
9.999447e+001,  8.853810e+001 
9.999547e+001,  7.738599e+001 
9.999629e+001,  6.631132e+001 
9.999698e+001,  5.531409e+001 
9.999754e+001,  4.439431e+001 
9.999801e+001,  3.355198e+001 
9.999839e+001,  2.278709e+001 
9.999870e+001,  1.209964e+001 
9.999895e+001,  1.489640e+000 
9.999916e+001,  3.509571e+002 
9.999933e+001,  3.405020e+002 
9.999946e+001,  3.301243e+002 
9.999957e+001,  3.198241e+002 
9.999966e+001,  3.096013e+002 
9.999973e+001,  2.994560e+002 
9.999979e+001,  2.893881e+002 
9.999983e+001,  2.793977e+002 
9.999987e+001,  2.694847e+002 
9.999990e+001,  2.596491e+002 
9.999992e+001,  2.498910e+002 
9.999994e+001,  2.402104e+002 
9.999995e+001,  2.306072e+002 
9.999996e+001,  2.210814e+002 
9.999997e+001,  2.116331e+002 
9.999998e+001,  2.022622e+002 
9.999998e+001,  1.929688e+002 
9.999999e+001,  1.837528e+002 
9.999999e+001,  1.746143e+002 
9.999999e+001,  1.655532e+002 
9.999999e+001,  1.565695e+002 
1.000000e+002,  1.476633e+002 
1.000000e+002,  1.388345e+002 
1.000000e+002,  1.300832e+002 
1.000000e+002,  1.214094e+002 
1.000000e+002,  1.128129e+002 
1.000000e+002,  1.042940e+002 
1.000000e+002,  9.585243e+001 
1.000000e+002,  8.748834e+001 
1.000000e+002,  7.920170e+001 
1.000000e+002,  7.099250e+001 
1.000000e+002,  6.286075e+001 
1.000000e+002,  5.480645e+001 
1.000000e+002,  4.682959e+001 
1.000000e+002,  3.893017e+001 
1.000000e+002,  3.110820e+001 
1.000000e+002,  2.336367e+001 
1.000000e+002,  1.569659e+001 
1.000000e+002,  8.106960e+000 
1.000000e+002,  5.947700e-001 
1.000000e+002,  3.531600e+002 
1.000000e+002,  3.458027e+002 
1.000000e+002,  3.385229e+002 
1.000000e+002,  3.313205e+002 
1.000000e+002,  3.241955e+002 
1.000000e+002,  3.171480e+002 
1.000000e+002,  3.101779e+002 
1.000000e+002,  3.032853e+002 
1.000000e+002,  2.964701e+002 
1.000000e+002,  2.897324e+002 
1.000000e+002,  2.830721e+002 
1.000000e+002,  2.764892e+002 
1.000000e+002,  2.699838e+002 
1.000000e+002,  2.635559e+002 
1.000000e+002,  2.572054e+002 
1.000000e+002,  2.509323e+002 
1.000000e+002,  2.447367e+002 
1.000000e+002,  2.386185e+002 
1.000000e+002,  2.325778e+002 
1.000000e+002,  2.266145e+002 
1.000000e+002,  2.207286e+002 
1.000000e+002,  2.149203e+002 
1.000000e+002,  2.091893e+002 
1.000000e+002,  2.035358e+002 
1.000000e+002,  1.979597e+002 
1.000000e+002,  1.924611e+002 
1.000000e+002,  1.870400e+002 
1.000000e+002,  1.816962e+002 
1.000000e+002,  1.764300e+002 
1.000000e+002,  1.712411e+002 
1.000000e+002,  1.661297e+002 
1.000000e+002,  1.610958e+002 
1.000000e+002,  1.561393e+002 
1.000000e+002,  1.512603e+002 
1.000000e+002,  1.464587e+002 
1.000000e+002,  1.417345e+002 
1.000000e+002,  1.370878e+002 
1.000000e+002,  1.325185e+002 
1.000000e+002,  1.280267e+002 
1.000000e+002,  1.236123e+002 
1.000000e+002,  1.192754e+002 
1.000000e+002,  1.150159e+002 
1.000000e+002,  1.108338e+002 
1.000000e+002,  1.067292e+002 
1.000000e+002,  1.027021e+002 
1.000000e+002,  9.875238e+001 
1.000000e+002,  9.488011e+001 
1.000000e+002,  9.108530e+001 
1.000000e+002,  8.736792e+001 
1.000000e+002,  8.372800e+001 
1.000000e+002,  8.016552e+001 
1.000000e+002,  7.668048e+001 
1.000000e+002,  7.327289e+001 
1.000000e+002,  6.994274e+001 
1.000000e+002,  6.669004e+001 
1.000000e+002,  6.351479e+001 
1.000000e+002,  6.041698e+001 
1.000000e+002,  5.739661e+001 
1.000000e+002,  5.445369e+001 
1.000000e+002,  5.158822e+001 
1.000000e+002,  4.880019e+001 
1.000000e+002,  4.608961e+001 
1.000000e+002,  4.345647e+001 
1.000000e+002,  4.090077e+001 
1.000000e+002,  3.842253e+001 
1.000000e+002,  3.602172e+001 
1.000000e+002,  3.369836e+001 
1.000000e+002,  3.145245e+001 
1.000000e+002,  2.928399e+001 
1.000000e+002,  2.719296e+001 
1.000000e+002,  2.517939e+001 
1.000000e+002,  2.324326e+001 
1.000000e+002,  2.138457e+001 
1.000000e+002,  1.960333e+001 
1.000000e+002,  1.789953e+001 
1.000000e+002,  1.627318e+001 
1.000000e+002,  1.472428e+001 
1.000000e+002,  1.325282e+001 
1.000000e+002,  1.185880e+001 
1.000000e+002,  1.054223e+001 
1.000000e+002,  9.303110e+000 
1.000000e+002,  8.141430e+000 
1.000000e+002,  7.057200e+000 
1.000000e+002,  6.050410e+000 
1.000000e+002,  5.121070e+000 
1.000000e+002,  4.269170e+000 
1.000000e+002,  3.494720e+000 
1.000000e+002,  2.797710e+000 
1.000000e+002,  2.178150e+000 
1.000000e+002,  1.636030e+000 
1.000000e+002,  1.171360e+000 
1.000000e+002,  7.841300e-001 
1.000000e+002,  4.743500e-001 
1.000000e+002,  2.420200e-001 
1.000000e+002,  8.713000e-002 
1.000000e+002,  9.680000e-003 
1.000000e+002,  9.680000e-003 
1.000000e+002,  8.713000e-002 
1.000000e+002,  2.420200e-001 
1.000000e+002,  4.743500e-001 
1.000000e+002,  7.841300e-001 
1.000000e+002,  1.171360e+000 
1.000000e+002,  1.636030e+000 
1.000000e+002,  2.178150e+000 
1.000000e+002,  2.797710e+000 
1.000000e+002,  3.494720e+000 
1.000000e+002,  4.269170e+000 
1.000000e+002,  5.121070e+000 
1.000000e+002,  6.050410e+000 
1.000000e+002,  7.057200e+000 
1.000000e+002,  8.141430e+000 
1.000000e+002,  9.303110e+000 
1.000000e+002,  1.054223e+001 
1.000000e+002,  1.185880e+001 
1.000000e+002,  1.325282e+001 
1.000000e+002,  1.472428e+001 
1.000000e+002,  1.627318e+001 
1.000000e+002,  1.789953e+001 
1.000000e+002,  1.960333e+001 
1.000000e+002,  2.138457e+001 
1.000000e+002,  2.324326e+001 
1.000000e+002,  2.517939e+001 
1.000000e+002,  2.719296e+001 
1.000000e+002,  2.928399e+001 
1.000000e+002,  3.145245e+001 
1.000000e+002,  3.369836e+001 
1.000000e+002,  3.602172e+001 
1.000000e+002,  3.842253e+001 
1.000000e+002,  4.090077e+001 
1.000000e+002,  4.345647e+001 
1.000000e+002,  4.608961e+001 
1.000000e+002,  4.880019e+001 
1.000000e+002,  5.158822e+001 
1.000000e+002,  5.445369e+001 
1.000000e+002,  5.739661e+001 
1.000000e+002,  6.041698e+001 
1.000000e+002,  6.351479e+001 
1.000000e+002,  6.669004e+001 
1.000000e+002,  6.994274e+001 
1.000000e+002,  7.327289e+001 
1.000000e+002,  7.668048e+001 
1.000000e+002,  8.016552e+001 
1.000000e+002,  8.372800e+001 
1.000000e+002,  8.736792e+001 
1.000000e+002,  9.108530e+001 
1.000000e+002,  9.488011e+001 
1.000000e+002,  9.875238e+001 
1.000000e+002,  1.027021e+002 
1.000000e+002,  1.067292e+002 
1.000000e+002,  1.108338e+002 
1.000000e+002,  1.150159e+002 
1.000000e+002,  1.192754e+002 
1.000000e+002,  1.236123e+002 
1.000000e+002,  1.280267e+002 
1.000000e+002,  1.325185e+002 
1.000000e+002,  1.370878e+002 
1.000000e+002,  1.417345e+002 
1.000000e+002,  1.464587e+002 
1.000000e+002,  1.512603e+002 
1.000000e+002,  1.561393e+002 
1.000000e+002,  1.610958e+002 
1.000000e+002,  1.661297e+002 
1.000000e+002,  1.712411e+002 
1.000000e+002,  1.764300e+002 
1.000000e+002,  1.816962e+002 
1.000000e+002,  1.870400e+002 
1.000000e+002,  1.924611e+002 
1.000000e+002,  1.979597e+002 
1.000000e+002,  2.035358e+002 
1.000000e+002,  2.091893e+002 
1.000000e+002,  2.149203e+002 
1.000000e+002,  2.207286e+002 
1.000000e+002,  2.266145e+002 
1.000000e+002,  2.325778e+002 
1.000000e+002,  2.386185e+002 
1.000000e+002,  2.447367e+002 
1.000000e+002,  2.509323e+002 
1.000000e+002,  2.572054e+002 
1.000000e+002,  2.635559e+002 
1.000000e+002,  2.699838e+002 
1.000000e+002,  2.764892e+002 
1.000000e+002,  2.830721e+002 
1.000000e+002,  2.897324e+002 
1.000000e+002,  2.964701e+002 
1.000000e+002,  3.032853e+002 
1.000000e+002,  3.101779e+002 
1.000000e+002,  3.171480e+002 
1.000000e+002,  3.241955e+002 
1.000000e+002,  3.313205e+002 
1.000000e+002,  3.385229e+002 
1.000000e+002,  3.458027e+002 
1.000000e+002,  3.531600e+002 
1.000000e+002,  5.947700e-001 
1.000000e+002,  8.106960e+000 
1.000000e+002,  1.569659e+001 
1.000000e+002,  2.336367e+001 
1.000000e+002,  3.110820e+001 
1.000000e+002,  3.893017e+001 
1.000000e+002,  4.682959e+001 
1.000000e+002,  5.480645e+001 
1.000000e+002,  6.286075e+001 
1.000000e+002,  7.099250e+001 
1.000000e+002,  7.920170e+001 
1.000000e+002,  8.748834e+001 
1.000000e+002,  9.585243e+001 
1.000000e+002,  1.042940e+002 
1.000000e+002,  1.128129e+002 
1.000000e+002,  1.214094e+002 
1.000000e+002,  1.300832e+002 
1.000000e+002,  1.388345e+002 
1.000000e+002,  1.476633e+002 
9.999999e+001,  1.565695e+002 
9.999999e+001,  1.655532e+002 
9.999999e+001,  1.746143e+002 
9.999999e+001,  1.837528e+002 
9.999998e+001,  1.929688e+002 
9.999998e+001,  2.022622e+002 
9.999997e+001,  2.116331e+002 
9.999996e+001,  2.210814e+002 
9.999995e+001,  2.306072e+002 
9.999994e+001,  2.402104e+002 
9.999992e+001,  2.498910e+002 
9.999990e+001,  2.596491e+002 
9.999987e+001,  2.694847e+002 
9.999983e+001,  2.793977e+002 
9.999979e+001,  2.893881e+002 
9.999973e+001,  2.994560e+002 
9.999966e+001,  3.096013e+002 
9.999957e+001,  3.198241e+002 
9.999946e+001,  3.301243e+002 
9.999933e+001,  3.405020e+002 
9.999916e+001,  3.509571e+002 
9.999895e+001,  1.489640e+000 
9.999870e+001,  1.209964e+001 
9.999839e+001,  2.278709e+001 
9.999801e+001,  3.355198e+001 
9.999754e+001,  4.439431e+001 
9.999698e+001,  5.531409e+001 
9.999629e+001,  6.631132e+001 
9.999547e+001,  7.738599e+001 
9.999447e+001,  8.853810e+001 
9.999326e+001,  9.976767e+001 
9.999182e+001,  1.110747e+002 
9.999009e+001,  1.224591e+002 
9.998803e+001,  1.339210e+002 
9.998557e+001,  1.454604e+002 
9.998265e+001,  1.570771e+002 
9.997919e+001,  1.687714e+002 
9.997509e+001,  1.805431e+002 
9.997026e+001,  1.923922e+002 
9.996458e+001,  2.043188e+002 
9.995790e+001,  2.163228e+002 
9.995008e+001,  2.284042e+002 
9.994095e+001,  2.405631e+002 
9.993029e+001,  2.527995e+002 
9.991790e+001,  2.651133e+002 
9.990352e+001,  2.775045e+002 
9.988687e+001,  2.899732e+002 
9.986763e+001,  3.025193e+002 
9.984545e+001,  3.151429e+002 
9.981995e+001,  3.278439e+002 
9.979068e+001,  3.406224e+002 
9.975716e+001,  3.534783e+002 
9.971886e+001,  6.411670e+000 
9.967520e+001,  1.942247e+001 
9.962554e+001,  3.251072e+001 
9.956916e+001,  4.567641e+001 
9.950530e+001,  5.891955e+001 
9.943312e+001,  7.224013e+001 
9.935170e+001,  8.563816e+001 
9.926008e+001,  9.911363e+001 
9.915717e+001,  1.126666e+002 
9.904183e+001,  1.262969e+002 
9.891283e+001,  1.400047e+002 
9.876887e+001,  1.537900e+002 
9.860852e+001,  1.676527e+002 
9.843030e+001,  1.815928e+002 
9.823262e+001,  1.956104e+002 
9.801382e+001,  2.097055e+002 
9.777212e+001,  2.238779e+002 
9.750569e+001,  2.381279e+002 
9.721259e+001,  2.524552e+002 
9.689082e+001,  2.668601e+002 
9.653827e+001,  2.813423e+002 
9.615281e+001,  2.959020e+002 
9.573221e+001,  3.105392e+002 
9.527420e+001,  3.252538e+002 
9.477646e+001,  3.400458e+002 
9.423665e+001,  3.549153e+002 
9.365240e+001,  9.862230e+000 
9.302133e+001,  2.488661e+001 
9.234107e+001,  3.998843e+001 
9.160930e+001,  5.516770e+001 
9.082369e+001,  7.042442e+001 
8.998203e+001,  8.575858e+001 
8.908214e+001,  1.011702e+002 
8.812197e+001,  1.166592e+002 
8.709960e+001,  1.322257e+002 
8.601324e+001,  1.478697e+002 
8.486127e+001,  1.635911e+002 
8.364228e+001,  1.793899e+002 
8.235507e+001,  1.952662e+002 
8.099866e+001,  2.112199e+002 
7.957238e+001,  2.272510e+002 
7.807581e+001,  2.433597e+002 
7.650886e+001,  2.595457e+002 
7.487178e+001,  2.758092e+002 
7.316516e+001,  2.921502e+002 
7.138997e+001,  3.085686e+002 
6.954758e+001,  3.250644e+002 
6.763975e+001,  3.416377e+002 
6.566866e+001,  3.582884e+002 
6.363696e+001,  1.501659e+001 
6.154768e+001,  3.182221e+001 
5.940433e+001,  4.870527e+001 
5.721085e+001,  6.566578e+001 
5.497165e+001,  8.270374e+001 
5.269155e+001,  9.981914e+001 
5.037580e+001,  1.170120e+002 
4.803008e+001,  1.342823e+002 
4.566046e+001,  1.516300e+002 
4.327341e+001,  1.690552e+002 
4.087573e+001,  1.865578e+002 
3.847457e+001,  2.041379e+002 
3.607735e+001,  2.217954e+002 
3.369179e+001,  2.395304e+002 
3.132580e+001,  2.573428e+002 
2.898749e+001,  2.752326e+002 
2.668511e+001,  2.931999e+002 
2.442699e+001,  3.112447e+002 
2.222151e+001,  3.293669e+002 
2.007706e+001,  3.475665e+002 
1.800196e+001,  5.843580e+000 
1.600440e+001,  2.419810e+001 
1.409243e+001,  4.263007e+001 
1.227389e+001,  6.113949e+001 
1.055634e+001,  7.972635e+001 
8.947005e+000,  9.839065e+001 
7.452767e+000,  1.171324e+002 
6.080077e+000,  1.359516e+002 
4.834923e+000,  1.548482e+002 
3.722787e+000,  1.738223e+002 
2.748605e+000,  1.928739e+002 
1.916731e+000,  2.120028e+002 
1.230907e+000,  2.312093e+002 
6.942291e-001,  2.504931e+002 
3.091335e-001,  2.698544e+002 
7.737163e-002,  2.892932e+002 
0.000000e+000,  0.000000e+000 
##END 
