##TITLE= Parameter file, TopSpin 4.1.0
##JCAMPDX= 5.0
##DATATYPE= Parameter Values
##NPOINTS= 2	$$ modification sequence number
##ORIGIN= Bruker BioSpin GmbH
##OWNER= yongrenjie
$$ 2020-11-20 17:15:18.420 +0000  yongrenjie@Empoleon.local
$$ /Volumes/JonY/dphil/expn/nmr/201119-7g-noah-xspstspx/15002/pdata/1/clevels
$$ process /opt/topspin4.1.0/prog/mod/proc2d
##$LEVELS= (0..255)
5244.87 -5244.87 6602.38 -6602.38 8311.25 -8311.25 10462.43 -10462.43 13170.39
-13170.39 16579.24 -16579.24 20870.39 -20870.39 26272.2 -26272.2 33072.15
-33072.15 41632.1 -41632.1 52407.6 -52407.6 65972.09 -65972.09 83047.43
-83047.43 104542.32 -104542.32 131600.66 -131600.66 165662.43 -165662.43
208540.28 -208540.28 262516.07 -262516.07 330462.23 -330462.23 415994.68
-415994.68 0 0 0 0 0 0 0 0 0 0 0 0 0 0 0 0 0 0 0 0 0 0 0 0 0 0 0 0 0 0
0 0 0 0 0 0 0 0 0 0 0 0 0 0 0 0 0 0 0 0 0 0 0 0 0 0 0 0 0 0 0 0 0 0 0 0
0 0 0 0 0 0 0 0 0 0 0 0 0 0 0 0 0 0 0 0 0 0 0 0 0 0 0 0 0 0 0 0 0 0 0 0
0 0 0 0 0 0 0 0 0 0 0 0 0 0 0 0 0 0 0 0 0 0 0 0 0 0 0 0 0 0 0 0 0 0 0 0
0 0 0 0 0 0 0 0 0 0 0 0 0 0 0 0 0 0 0 0 0 0 0 0 0 0 0 0 0 0 0 0 0 0 0 0
0 0 0 0 0 0 0 0 0 0 0 0 0 0 0 0 0 0 0 0 0 0 0 0 0 0 0 0 0 0 0 0 0 0 0 0
0 0 0 0 0 0
##$LEVSIGN= 3
##$MAXLEV= 20
##$METHOD= 0
##$NEGBASE= -5244.87
##$NEGINCR= 1.8
##$POSBASE= 5244.87
##$POSINCR= 1.8
##END=
