##TITLE= Parameter file, TopSpin 4.1.0
##JCAMPDX= 5.0
##DATATYPE= Parameter Values
##NPOINTS= 2	$$ modification sequence number
##ORIGIN= Bruker BioSpin GmbH
##OWNER= yongrenjie
$$ 2020-11-20 17:15:17.150 +0000  yongrenjie@Empoleon.local
$$ /Volumes/JonY/dphil/expn/nmr/201119-7g-noah-xspstspx/15001/pdata/1/clevels
$$ process /opt/topspin4.1.0/prog/mod/proc2d
##$LEVELS= (0..255)
4862.26 -4862.26 5572.22 -5572.22 6385.83 -6385.83 7318.24 -7318.24 8386.79
-8386.79 9611.37 -9611.37 11014.75 -11014.75 12623.04 -12623.04 14466.16
-14466.16 16578.39 -16578.39 18999.04 -18999.04 21773.14 -21773.14 24952.28
-24952.28 28595.63 -28595.63 32770.94 -32770.94 37555.9 -37555.9 43039.52
-43039.52 49323.83 -49323.83 56525.71 -56525.71 64779.16 -64779.16 0 0
0 0 0 0 0 0 0 0 0 0 0 0 0 0 0 0 0 0 0 0 0 0 0 0 0 0 0 0 0 0 0 0 0 0 0 0
0 0 0 0 0 0 0 0 0 0 0 0 0 0 0 0 0 0 0 0 0 0 0 0 0 0 0 0 0 0 0 0 0 0 0 0
0 0 0 0 0 0 0 0 0 0 0 0 0 0 0 0 0 0 0 0 0 0 0 0 0 0 0 0 0 0 0 0 0 0 0 0
0 0 0 0 0 0 0 0 0 0 0 0 0 0 0 0 0 0 0 0 0 0 0 0 0 0 0 0 0 0 0 0 0 0 0 0
0 0 0 0 0 0 0 0 0 0 0 0 0 0 0 0 0 0 0 0 0 0 0 0 0 0 0 0 0 0 0 0 0 0 0 0
0 0 0 0 0 0 0 0 0 0 0 0 0 0 0 0 0 0 0 0 0 0 0 0 0 0 0 0 0 0 0 0 0 0
##$LEVSIGN= 3
##$MAXLEV= 20
##$METHOD= 0
##$NEGBASE= -4862.26
##$NEGINCR= 1.8
##$POSBASE= 4862.26
##$POSINCR= 1.8
##END=
