##TITLE= Parameter file, TopSpin 3.6.2
##JCAMPDX= 5.0
##DATATYPE= Parameter Values
##NPOINTS= 2	$$ modification sequence number
##ORIGIN= Bruker BioSpin GmbH
##OWNER= nmr-user
$$ 2020-06-29 20:50:54.760 +0800  CHEM\nmr-user@CUTTLEFISH-CRL
$$ C:\NMR\data\mfgroup\nmr/jy-200629-gramicidine-2/22004/pdata/1/clevels
$$ process C:\Bruker\TopSpin3.6.2\prog\mod\proc2d.exe
##$LEVELS= (0..255)
317170 -317170 448255.03 -448255.03 633516.96 -633516.96 895346.87 -895346.87
1265389.98 -1265389.98 1788370.37 -1788370.37 2527496.36 -2527496.36 3572100.03
-3572100.03 5048434.02 -5048434.02 7134930.67 -7134930.67 10083767.66 -10083767.66
14251346.64 -14251346.64 20141368.56 -20141368.56 28465711.89 -28465711.89
40230471.48 -40230471.48 56857556.98 -56857556.98 80356547.31 -80356547.31
113567572.01 -113567572.01 160504574.22 -160504574.22 226840442.99 -226840442.99
0 0 0 0 0 0 0 0 0 0 0 0 0 0 0 0 0 0 0 0 0 0 0 0 0 0 0 0 0 0 0 0 0 0 0 0
0 0 0 0 0 0 0 0 0 0 0 0 0 0 0 0 0 0 0 0 0 0 0 0 0 0 0 0 0 0 0 0 0 0 0 0
0 0 0 0 0 0 0 0 0 0 0 0 0 0 0 0 0 0 0 0 0 0 0 0 0 0 0 0 0 0 0 0 0 0 0 0
0 0 0 0 0 0 0 0 0 0 0 0 0 0 0 0 0 0 0 0 0 0 0 0 0 0 0 0 0 0 0 0 0 0 0 0
0 0 0 0 0 0 0 0 0 0 0 0 0 0 0 0 0 0 0 0 0 0 0 0 0 0 0 0 0 0 0 0 0 0 0 0
0 0 0 0 0 0 0 0 0 0 0 0 0 0 0 0 0 0 0 0 0 0 0 0 0 0 0 0 0 0 0 0 0 0 0 0
##$LEVSIGN= 3
##$MAXLEV= 20
##$METHOD= 0
##$NEGBASE= -317170
##$NEGINCR= 1.8
##$POSBASE= 317170
##$POSINCR= 1.8
##END=
