##TITLE= Parameter file, TopSpin 4.1.3
##JCAMPDX= 5.0
##DATATYPE= Parameter Values
##NPOINTS= 25	$$ modification sequence number
##ORIGIN= Bruker BioSpin GmbH
##OWNER= nmr-user
$$ 2021-08-08 14:55:27.631 +0100  yongrenjie@Empoleon.local
$$ /Users/yongrenjie/Desktop/desktopnmr/jy48552803/9/pdata/1/clevels
$$ process /opt/topspin4.1.3/prog/mod/dataserver
##$LEVELS= (0..255)
-1520513.60704342 -1267095.00889475 -1055912.28317325 -879926.790524853
-733272.437556899 -611060.588869793 -509217.269511017 -424347.276114426
-353623.178573443 -294685.757905492 -245571.352801721 -204642.56976239
-170535.811160558 -142112.839608565 -118427.814818559 -98689.6214430887
-82241.68756114 -68534.4032757173 -57112.3390883305 -47593.391667898 47593.391667898
57112.3390883305 68534.4032757173 82241.68756114 98689.6214430887 118427.814818559
142112.839608565 170535.811160558 204642.56976239 245571.352801721 294685.757905492
353623.178573443 424347.276114426 509217.269511017 611060.588869793 733272.437556899
879926.790524853 1055912.28317325 1267095.00889475 1520513.60704342 0 0
0 0 0 0 0 0 0 0 0 0 0 0 0 0 0 0 0 0 0 0 0 0 0 0 0 0 0 0 0 0 0 0 0 0 0 0
0 0 0 0 0 0 0 0 0 0 0 0 0 0 0 0 0 0 0 0 0 0 0 0 0 0 0 0 0 0 0 0 0 0 0 0
0 0 0 0 0 0 0 0 0 0 0 0 0 0 0 0 0 0 0 0 0 0 0 0 0 0 0 0 0 0 0 0 0 0 0 0
0 0 0 0 0 0 0 0 0 0 0 0 0 0 0 0 0 0 0 0 0 0 0 0 0 0 0 0 0 0 0 0 0 0 0 0
0 0 0 0 0 0 0 0 0 0 0 0 0 0 0 0 0 0 0 0 0 0 0 0 0 0 0 0 0 0 0 0 0 0 0 0
0 0 0 0 0 0 0 0 0 0 0 0 0 0 0 0 0 0 0 0 0 0 0 0 0 0 0 0 0 0 0 0 0 0
##$LEVSIGN= 3
##$MAXLEV= 20
##$METHOD= 0
##$NEGBASE= -7074.8
##$NEGINCR= 1.2
##$POSBASE= 7074.8
##$POSINCR= 1.2
##END=
