##TITLE= cawurst-20, 0.5000ms, 14.574274 W
##JCAMP-DX= 5.00 Bruker JCAMP library 
##DATA TYPE= Shape Data 
##ORIGIN= Bruker BioSpin GmbH 
##OWNER= <WaveMaker> 
##DATE= Dec  9 2019 
##TIME= 12:37:53 
##$SHAPE_PARAMETERS= Type: cawurst-20
##MINX= 0.039314 
##MAXX= 100.000000 
##MINY= 0.000000 
##MAXY= 360.000000 
##$SHAPE_EXMODE= Adiabatic
##$SHAPE_TOTROT= 180.00 
##$SHAPE_TYPE= Inversion
##$SHAPE_USER_DEF= Tp=500.0000 us, gB1max=11114.8 Hz, f1=-90000.0 Hz, f2=90000.0 Hz
##$SHAPE_REPHFAC= 
##$SHAPE_BWFAC= 30.000 
##$SHAPE_BWFAC50= 
##$SHAPE_INTEGFAC= 0.089970 
##$SHAPE_MODE= 0 
##NPOINTS= 500 
##XYPOINTS= (XY..XY) 
3.931350e-02,  1.968469e+02 
1.571644e-01,  1.860469e+02 
3.532841e-01,  1.752469e+02 
6.272263e-01,  1.644469e+02 
9.783680e-01,  1.536469e+02 
1.405913e+00,  1.428469e+02 
1.908892e+00,  1.320469e+02 
2.486171e+00,  1.212470e+02 
3.136451e+00,  1.104471e+02 
3.858274e+00,  9.964717e+01 
4.650029e+00,  8.884739e+01 
5.509957e+00,  7.804772e+01 
6.436158e+00,  6.724822e+01 
7.426597e+00,  5.644895e+01 
8.479112e+00,  4.565000e+01 
9.591422e+00,  3.485144e+01 
1.076113e+01,  2.405339e+01 
1.198575e+01,  1.325599e+01 
1.326267e+01,  2.459390e+00 
1.458923e+01,  3.516638e+02 
1.596266e+01,  3.408693e+02 
1.738015e+01,  3.300763e+02 
1.883882e+01,  3.192850e+02 
2.033573e+01,  3.084957e+02 
2.186791e+01,  2.977086e+02 
2.343237e+01,  2.869243e+02 
2.502609e+01,  2.761430e+02 
2.664603e+01,  2.653651e+02 
2.828916e+01,  2.545913e+02 
2.995246e+01,  2.438219e+02 
3.163291e+01,  2.330575e+02 
3.332754e+01,  2.222987e+02 
3.503339e+01,  2.115461e+02 
3.674756e+01,  2.008003e+02 
3.846717e+01,  1.900621e+02 
4.018943e+01,  1.793321e+02 
4.191160e+01,  1.686112e+02 
4.363100e+01,  1.579000e+02 
4.534505e+01,  1.471994e+02 
4.705123e+01,  1.365103e+02 
4.874712e+01,  1.258336e+02 
5.043038e+01,  1.151701e+02 
5.209879e+01,  1.045208e+02 
5.375021e+01,  9.388665e+01 
5.538262e+01,  8.326860e+01 
5.699408e+01,  7.266767e+01 
5.858280e+01,  6.208485e+01 
6.014708e+01,  5.152117e+01 
6.168532e+01,  4.097767e+01 
6.319606e+01,  3.045539e+01 
6.467794e+01,  1.995539e+01 
6.612973e+01,  9.478720e+00 
6.755030e+01,  3.590265e+02 
6.893863e+01,  3.485996e+02 
7.029384e+01,  3.381993e+02 
7.161514e+01,  3.278265e+02 
7.290184e+01,  3.174824e+02 
7.415339e+01,  3.071679e+02 
7.536933e+01,  2.968841e+02 
7.654929e+01,  2.866319e+02 
7.769300e+01,  2.764124e+02 
7.880032e+01,  2.662266e+02 
7.987117e+01,  2.560754e+02 
8.090556e+01,  2.459599e+02 
8.190360e+01,  2.358808e+02 
8.286546e+01,  2.258391e+02 
8.379142e+01,  2.158358e+02 
8.468179e+01,  2.058716e+02 
8.553698e+01,  1.959474e+02 
8.635745e+01,  1.860640e+02 
8.714372e+01,  1.762222e+02 
8.789637e+01,  1.664227e+02 
8.861601e+01,  1.566664e+02 
8.930333e+01,  1.469538e+02 
8.995903e+01,  1.372858e+02 
9.058386e+01,  1.276628e+02 
9.117860e+01,  1.180857e+02 
9.174405e+01,  1.085549e+02 
9.228106e+01,  9.907102e+01 
9.279046e+01,  8.963467e+01 
9.327313e+01,  8.024635e+01 
9.372995e+01,  7.090655e+01 
9.416180e+01,  6.161575e+01 
9.456959e+01,  5.237440e+01 
9.495421e+01,  4.318294e+01 
9.531655e+01,  3.404177e+01 
9.565752e+01,  2.495127e+01 
9.597799e+01,  1.591181e+01 
9.627885e+01,  6.923720e+00 
9.656096e+01,  3.579873e+02 
9.682519e+01,  3.491030e+02 
9.707236e+01,  3.402709e+02 
9.730332e+01,  3.314914e+02 
9.751886e+01,  3.227647e+02 
9.771976e+01,  3.140910e+02 
9.790680e+01,  3.054706e+02 
9.808073e+01,  2.969036e+02 
9.824225e+01,  2.883903e+02 
9.839208e+01,  2.799309e+02 
9.853088e+01,  2.715254e+02 
9.865931e+01,  2.631741e+02 
9.877799e+01,  2.548771e+02 
9.888753e+01,  2.466345e+02 
9.898850e+01,  2.384464e+02 
9.908144e+01,  2.303130e+02 
9.916690e+01,  2.222344e+02 
9.924536e+01,  2.142106e+02 
9.931731e+01,  2.062417e+02 
9.938320e+01,  1.983279e+02 
9.944345e+01,  1.904691e+02 
9.949849e+01,  1.826655e+02 
9.954868e+01,  1.749172e+02 
9.959440e+01,  1.672241e+02 
9.963599e+01,  1.595863e+02 
9.967376e+01,  1.520039e+02 
9.970802e+01,  1.444769e+02 
9.973905e+01,  1.370054e+02 
9.976711e+01,  1.295893e+02 
9.979246e+01,  1.222288e+02 
9.981531e+01,  1.149238e+02 
9.983590e+01,  1.076744e+02 
9.985440e+01,  1.004805e+02 
9.987102e+01,  9.334230e+01 
9.988591e+01,  8.625972e+01 
9.989924e+01,  7.923279e+01 
9.991115e+01,  7.226152e+01 
9.992178e+01,  6.534592e+01 
9.993124e+01,  5.848602e+01 
9.993966e+01,  5.168182e+01 
9.994714e+01,  4.493332e+01 
9.995377e+01,  3.824054e+01 
9.995963e+01,  3.160349e+01 
9.996481e+01,  2.502217e+01 
9.996938e+01,  1.849658e+01 
9.997341e+01,  1.202674e+01 
9.997694e+01,  5.612650e+00 
9.998004e+01,  3.592543e+02 
9.998276e+01,  3.529517e+02 
9.998514e+01,  3.467049e+02 
9.998721e+01,  3.405138e+02 
9.998901e+01,  3.343785e+02 
9.999058e+01,  3.282989e+02 
9.999194e+01,  3.222752e+02 
9.999312e+01,  3.163071e+02 
9.999414e+01,  3.103949e+02 
9.999501e+01,  3.045384e+02 
9.999577e+01,  2.987377e+02 
9.999642e+01,  2.929928e+02 
9.999697e+01,  2.873036e+02 
9.999745e+01,  2.816702e+02 
9.999785e+01,  2.760926e+02 
9.999820e+01,  2.705708e+02 
9.999849e+01,  2.651047e+02 
9.999874e+01,  2.596944e+02 
9.999895e+01,  2.543399e+02 
9.999913e+01,  2.490412e+02 
9.999928e+01,  2.437982e+02 
9.999940e+01,  2.386110e+02 
9.999951e+01,  2.334796e+02 
9.999959e+01,  2.284039e+02 
9.999967e+01,  2.233841e+02 
9.999973e+01,  2.184200e+02 
9.999978e+01,  2.135117e+02 
9.999982e+01,  2.086591e+02 
9.999985e+01,  2.038624e+02 
9.999988e+01,  1.991214e+02 
9.999990e+01,  1.944362e+02 
9.999992e+01,  1.898067e+02 
9.999994e+01,  1.852331e+02 
9.999995e+01,  1.807152e+02 
9.999996e+01,  1.762531e+02 
9.999997e+01,  1.718468e+02 
9.999998e+01,  1.674962e+02 
9.999998e+01,  1.632014e+02 
9.999998e+01,  1.589624e+02 
9.999999e+01,  1.547792e+02 
9.999999e+01,  1.506518e+02 
9.999999e+01,  1.465801e+02 
9.999999e+01,  1.425642e+02 
1.000000e+02,  1.386041e+02 
1.000000e+02,  1.346998e+02 
1.000000e+02,  1.308512e+02 
1.000000e+02,  1.270584e+02 
1.000000e+02,  1.233214e+02 
1.000000e+02,  1.196402e+02 
1.000000e+02,  1.160147e+02 
1.000000e+02,  1.124450e+02 
1.000000e+02,  1.089311e+02 
1.000000e+02,  1.054730e+02 
1.000000e+02,  1.020706e+02 
1.000000e+02,  9.872405e+01 
1.000000e+02,  9.543325e+01 
1.000000e+02,  9.219822e+01 
1.000000e+02,  8.901897e+01 
1.000000e+02,  8.589550e+01 
1.000000e+02,  8.282780e+01 
1.000000e+02,  7.981588e+01 
1.000000e+02,  7.685974e+01 
1.000000e+02,  7.395937e+01 
1.000000e+02,  7.111478e+01 
1.000000e+02,  6.832597e+01 
1.000000e+02,  6.559293e+01 
1.000000e+02,  6.291566e+01 
1.000000e+02,  6.029418e+01 
1.000000e+02,  5.772847e+01 
1.000000e+02,  5.521854e+01 
1.000000e+02,  5.276438e+01 
1.000000e+02,  5.036600e+01 
1.000000e+02,  4.802339e+01 
1.000000e+02,  4.573656e+01 
1.000000e+02,  4.350551e+01 
1.000000e+02,  4.133024e+01 
1.000000e+02,  3.921074e+01 
1.000000e+02,  3.714701e+01 
1.000000e+02,  3.513907e+01 
1.000000e+02,  3.318690e+01 
1.000000e+02,  3.129050e+01 
1.000000e+02,  2.944989e+01 
1.000000e+02,  2.766504e+01 
1.000000e+02,  2.593598e+01 
1.000000e+02,  2.426269e+01 
1.000000e+02,  2.264518e+01 
1.000000e+02,  2.108344e+01 
1.000000e+02,  1.957748e+01 
1.000000e+02,  1.812730e+01 
1.000000e+02,  1.673289e+01 
1.000000e+02,  1.539426e+01 
1.000000e+02,  1.411140e+01 
1.000000e+02,  1.288432e+01 
1.000000e+02,  1.171302e+01 
1.000000e+02,  1.059750e+01 
1.000000e+02,  9.537750e+00 
1.000000e+02,  8.533770e+00 
1.000000e+02,  7.585580e+00 
1.000000e+02,  6.693160e+00 
1.000000e+02,  5.856510e+00 
1.000000e+02,  5.075640e+00 
1.000000e+02,  4.350550e+00 
1.000000e+02,  3.681240e+00 
1.000000e+02,  3.067700e+00 
1.000000e+02,  2.509930e+00 
1.000000e+02,  2.007950e+00 
1.000000e+02,  1.561740e+00 
1.000000e+02,  1.171300e+00 
1.000000e+02,  8.366400e-01 
1.000000e+02,  5.577600e-01 
1.000000e+02,  3.346600e-01 
1.000000e+02,  1.673300e-01 
1.000000e+02,  5.578000e-02 
1.000000e+02,  0.000000e+00 
1.000000e+02,  0.000000e+00 
1.000000e+02,  5.578000e-02 
1.000000e+02,  1.673300e-01 
1.000000e+02,  3.346600e-01 
1.000000e+02,  5.577600e-01 
1.000000e+02,  8.366400e-01 
1.000000e+02,  1.171300e+00 
1.000000e+02,  1.561740e+00 
1.000000e+02,  2.007950e+00 
1.000000e+02,  2.509930e+00 
1.000000e+02,  3.067700e+00 
1.000000e+02,  3.681240e+00 
1.000000e+02,  4.350550e+00 
1.000000e+02,  5.075640e+00 
1.000000e+02,  5.856510e+00 
1.000000e+02,  6.693160e+00 
1.000000e+02,  7.585580e+00 
1.000000e+02,  8.533770e+00 
1.000000e+02,  9.537750e+00 
1.000000e+02,  1.059750e+01 
1.000000e+02,  1.171302e+01 
1.000000e+02,  1.288432e+01 
1.000000e+02,  1.411140e+01 
1.000000e+02,  1.539426e+01 
1.000000e+02,  1.673289e+01 
1.000000e+02,  1.812730e+01 
1.000000e+02,  1.957748e+01 
1.000000e+02,  2.108344e+01 
1.000000e+02,  2.264518e+01 
1.000000e+02,  2.426269e+01 
1.000000e+02,  2.593598e+01 
1.000000e+02,  2.766504e+01 
1.000000e+02,  2.944989e+01 
1.000000e+02,  3.129050e+01 
1.000000e+02,  3.318690e+01 
1.000000e+02,  3.513907e+01 
1.000000e+02,  3.714701e+01 
1.000000e+02,  3.921074e+01 
1.000000e+02,  4.133024e+01 
1.000000e+02,  4.350551e+01 
1.000000e+02,  4.573656e+01 
1.000000e+02,  4.802339e+01 
1.000000e+02,  5.036600e+01 
1.000000e+02,  5.276438e+01 
1.000000e+02,  5.521854e+01 
1.000000e+02,  5.772847e+01 
1.000000e+02,  6.029418e+01 
1.000000e+02,  6.291566e+01 
1.000000e+02,  6.559293e+01 
1.000000e+02,  6.832597e+01 
1.000000e+02,  7.111478e+01 
1.000000e+02,  7.395937e+01 
1.000000e+02,  7.685974e+01 
1.000000e+02,  7.981588e+01 
1.000000e+02,  8.282780e+01 
1.000000e+02,  8.589550e+01 
1.000000e+02,  8.901897e+01 
1.000000e+02,  9.219822e+01 
1.000000e+02,  9.543325e+01 
1.000000e+02,  9.872405e+01 
1.000000e+02,  1.020706e+02 
1.000000e+02,  1.054730e+02 
1.000000e+02,  1.089311e+02 
1.000000e+02,  1.124450e+02 
1.000000e+02,  1.160147e+02 
1.000000e+02,  1.196402e+02 
1.000000e+02,  1.233214e+02 
1.000000e+02,  1.270584e+02 
1.000000e+02,  1.308512e+02 
1.000000e+02,  1.346998e+02 
1.000000e+02,  1.386041e+02 
9.999999e+01,  1.425642e+02 
9.999999e+01,  1.465801e+02 
9.999999e+01,  1.506518e+02 
9.999999e+01,  1.547792e+02 
9.999998e+01,  1.589624e+02 
9.999998e+01,  1.632014e+02 
9.999998e+01,  1.674962e+02 
9.999997e+01,  1.718468e+02 
9.999996e+01,  1.762531e+02 
9.999995e+01,  1.807152e+02 
9.999994e+01,  1.852331e+02 
9.999992e+01,  1.898067e+02 
9.999990e+01,  1.944362e+02 
9.999988e+01,  1.991214e+02 
9.999985e+01,  2.038624e+02 
9.999982e+01,  2.086591e+02 
9.999978e+01,  2.135117e+02 
9.999973e+01,  2.184200e+02 
9.999967e+01,  2.233841e+02 
9.999959e+01,  2.284039e+02 
9.999951e+01,  2.334796e+02 
9.999940e+01,  2.386110e+02 
9.999928e+01,  2.437982e+02 
9.999913e+01,  2.490412e+02 
9.999895e+01,  2.543399e+02 
9.999874e+01,  2.596944e+02 
9.999849e+01,  2.651047e+02 
9.999820e+01,  2.705708e+02 
9.999785e+01,  2.760926e+02 
9.999745e+01,  2.816702e+02 
9.999697e+01,  2.873036e+02 
9.999642e+01,  2.929928e+02 
9.999577e+01,  2.987377e+02 
9.999501e+01,  3.045384e+02 
9.999414e+01,  3.103949e+02 
9.999312e+01,  3.163071e+02 
9.999194e+01,  3.222752e+02 
9.999058e+01,  3.282989e+02 
9.998901e+01,  3.343785e+02 
9.998721e+01,  3.405138e+02 
9.998514e+01,  3.467049e+02 
9.998276e+01,  3.529517e+02 
9.998004e+01,  3.592543e+02 
9.997694e+01,  5.612650e+00 
9.997341e+01,  1.202674e+01 
9.996938e+01,  1.849658e+01 
9.996481e+01,  2.502217e+01 
9.995963e+01,  3.160349e+01 
9.995377e+01,  3.824054e+01 
9.994714e+01,  4.493332e+01 
9.993966e+01,  5.168182e+01 
9.993124e+01,  5.848602e+01 
9.992178e+01,  6.534592e+01 
9.991115e+01,  7.226152e+01 
9.989924e+01,  7.923279e+01 
9.988591e+01,  8.625972e+01 
9.987102e+01,  9.334230e+01 
9.985440e+01,  1.004805e+02 
9.983590e+01,  1.076744e+02 
9.981531e+01,  1.149238e+02 
9.979246e+01,  1.222288e+02 
9.976711e+01,  1.295893e+02 
9.973905e+01,  1.370054e+02 
9.970802e+01,  1.444769e+02 
9.967376e+01,  1.520039e+02 
9.963599e+01,  1.595863e+02 
9.959440e+01,  1.672241e+02 
9.954868e+01,  1.749172e+02 
9.949849e+01,  1.826655e+02 
9.944345e+01,  1.904691e+02 
9.938320e+01,  1.983279e+02 
9.931731e+01,  2.062417e+02 
9.924536e+01,  2.142106e+02 
9.916690e+01,  2.222344e+02 
9.908144e+01,  2.303130e+02 
9.898850e+01,  2.384464e+02 
9.888753e+01,  2.466345e+02 
9.877799e+01,  2.548771e+02 
9.865931e+01,  2.631741e+02 
9.853088e+01,  2.715254e+02 
9.839208e+01,  2.799309e+02 
9.824225e+01,  2.883903e+02 
9.808073e+01,  2.969036e+02 
9.790680e+01,  3.054706e+02 
9.771976e+01,  3.140910e+02 
9.751886e+01,  3.227647e+02 
9.730332e+01,  3.314914e+02 
9.707236e+01,  3.402709e+02 
9.682519e+01,  3.491030e+02 
9.656096e+01,  3.579873e+02 
9.627885e+01,  6.923720e+00 
9.597799e+01,  1.591181e+01 
9.565752e+01,  2.495127e+01 
9.531655e+01,  3.404177e+01 
9.495421e+01,  4.318294e+01 
9.456959e+01,  5.237440e+01 
9.416180e+01,  6.161575e+01 
9.372995e+01,  7.090655e+01 
9.327313e+01,  8.024635e+01 
9.279046e+01,  8.963467e+01 
9.228106e+01,  9.907102e+01 
9.174405e+01,  1.085549e+02 
9.117860e+01,  1.180857e+02 
9.058386e+01,  1.276628e+02 
8.995903e+01,  1.372858e+02 
8.930333e+01,  1.469538e+02 
8.861601e+01,  1.566664e+02 
8.789637e+01,  1.664227e+02 
8.714372e+01,  1.762222e+02 
8.635745e+01,  1.860640e+02 
8.553698e+01,  1.959474e+02 
8.468179e+01,  2.058716e+02 
8.379142e+01,  2.158358e+02 
8.286546e+01,  2.258391e+02 
8.190360e+01,  2.358808e+02 
8.090556e+01,  2.459599e+02 
7.987117e+01,  2.560754e+02 
7.880032e+01,  2.662266e+02 
7.769300e+01,  2.764124e+02 
7.654929e+01,  2.866319e+02 
7.536933e+01,  2.968841e+02 
7.415339e+01,  3.071679e+02 
7.290184e+01,  3.174824e+02 
7.161514e+01,  3.278265e+02 
7.029384e+01,  3.381993e+02 
6.893863e+01,  3.485996e+02 
6.755030e+01,  3.590265e+02 
6.612973e+01,  9.478720e+00 
6.467794e+01,  1.995539e+01 
6.319606e+01,  3.045539e+01 
6.168532e+01,  4.097767e+01 
6.014708e+01,  5.152117e+01 
5.858280e+01,  6.208485e+01 
5.699408e+01,  7.266767e+01 
5.538262e+01,  8.326860e+01 
5.375021e+01,  9.388665e+01 
5.209879e+01,  1.045208e+02 
5.043038e+01,  1.151701e+02 
4.874712e+01,  1.258336e+02 
4.705123e+01,  1.365103e+02 
4.534505e+01,  1.471994e+02 
4.363100e+01,  1.579000e+02 
4.191160e+01,  1.686112e+02 
4.018943e+01,  1.793321e+02 
3.846717e+01,  1.900621e+02 
3.674756e+01,  2.008003e+02 
3.503339e+01,  2.115461e+02 
3.332754e+01,  2.222987e+02 
3.163291e+01,  2.330575e+02 
2.995246e+01,  2.438219e+02 
2.828916e+01,  2.545913e+02 
2.664603e+01,  2.653651e+02 
2.502609e+01,  2.761430e+02 
2.343237e+01,  2.869243e+02 
2.186791e+01,  2.977086e+02 
2.033573e+01,  3.084957e+02 
1.883882e+01,  3.192850e+02 
1.738015e+01,  3.300763e+02 
1.596266e+01,  3.408693e+02 
1.458923e+01,  3.516638e+02 
1.326267e+01,  2.459390e+00 
1.198575e+01,  1.325599e+01 
1.076113e+01,  2.405339e+01 
9.591422e+00,  3.485144e+01 
8.479112e+00,  4.565000e+01 
7.426597e+00,  5.644895e+01 
6.436158e+00,  6.724822e+01 
5.509957e+00,  7.804772e+01 
4.650029e+00,  8.884739e+01 
3.858274e+00,  9.964717e+01 
3.136451e+00,  1.104471e+02 
2.486171e+00,  1.212470e+02 
1.908892e+00,  1.320469e+02 
1.405913e+00,  1.428469e+02 
9.783680e-01,  1.536469e+02 
6.272263e-01,  1.644469e+02 
3.532841e-01,  1.752469e+02 
1.571644e-01,  1.860469e+02 
3.931350e-02,  1.968469e+02 
##END 
