##TITLE= sm. Chirp, 64kHz, 1.5ms
##JCAMP-DX= 5.00 Bruker JCAMP library
##DATA TYPE= Shape Data
##ORIGIN= Bruker BioSpin GmbH
##OWNER= <demo>
##DATE= 2018/12/03
##TIME= 10:13:38
##$SHAPE_PARAMETERS= Type: SmoothedChirp ; Total Sweep-Width [Hz] 64000.0 ; Length of Pulse [usec] 1500.0 ; % to be smoothed 20.0 ; 1=High to low field, -1=Low to high field -1.0 ; smoothing 0.0
##MINX= 0.000000E00
##MAXX= 1.000000E02
##MINY= 1.080000E-03
##MAXY= 3.595633E02
##$SHAPE_EXMODE= Adiabatic
##$SHAPE_TOTROT= 1.800000E02
##$SHAPE_TYPE= Inversion
##$SHAPE_USER_DEF= 
##$SHAPE_REPHFAC= 
##$SHAPE_BWFAC= 7.864000E01
##$SHAPE_BWFAC50= 
##$SHAPE_INTEGFAC= 7.385219E-02
##$SHAPE_MODE= 0
##NPOINTS= 2000
##XYPOINTS= (XY..XY)
0.000000E00, 3.556811E02
3.936823E-01, 3.470497E02
7.873584E-01, 3.384270E02
1.181022E00, 3.298129E02
1.574668E00, 3.212075E02
1.968289E00, 3.126107E02
2.361880E00, 3.040225E02
2.755434E00, 2.954430E02
3.148946E00, 2.868721E02
3.542408E00, 2.783099E02
3.935816E00, 2.697563E02
4.329163E00, 2.612113E02
4.722442E00, 2.526750E02
5.115649E00, 2.441473E02
5.508776E00, 2.356283E02
5.901818E00, 2.271179E02
6.294768E00, 2.186161E02
6.687621E00, 2.101230E02
7.080370E00, 2.016385E02
7.473009E00, 1.931627E02
7.865533E00, 1.846955E02
8.257935E00, 1.762369E02
8.650208E00, 1.677870E02
9.042348E00, 1.593457E02
9.434347E00, 1.509131E02
9.826200E00, 1.424891E02
1.021790E01, 1.340737E02
1.060944E01, 1.256670E02
1.100082E01, 1.172689E02
1.139203E01, 1.088795E02
1.178306E01, 1.004987E02
1.217391E01, 9.212652E01
1.256457E01, 8.376300E01
1.295503E01, 7.540812E01
1.334530E01, 6.706188E01
1.373536E01, 5.872428E01
1.412520E01, 5.039532E01
1.451483E01, 4.207500E01
1.490423E01, 3.376332E01
1.529340E01, 2.546028E01
1.568233E01, 1.716588E01
1.607102E01, 8.880120E00
1.645946E01, 6.030000E-01
1.684764E01, 3.523345E02
1.723557E01, 3.440747E02
1.762323E01, 3.358235E02
1.801061E01, 3.275809E02
1.839771E01, 3.193470E02
1.878453E01, 3.111217E02
1.917106E01, 3.029051E02
1.955729E01, 2.946971E02
1.994322E01, 2.864977E02
2.032884E01, 2.783070E02
2.071415E01, 2.701249E02
2.109913E01, 2.619515E02
2.148379E01, 2.537867E02
2.186811E01, 2.456305E02
2.225209E01, 2.374830E02
2.263573E01, 2.293441E02
2.301902E01, 2.212139E02
2.340195E01, 2.130923E02
2.378452E01, 2.049793E02
2.416672E01, 1.968750E02
2.454855E01, 1.887793E02
2.492999E01, 1.806923E02
2.531105E01, 1.726139E02
2.569172E01, 1.645441E02
2.607199E01, 1.564830E02
2.645185E01, 1.484305E02
2.683131E01, 1.403867E02
2.721035E01, 1.323515E02
2.758896E01, 1.243249E02
2.796715E01, 1.163070E02
2.834491E01, 1.082977E02
2.872223E01, 1.002971E02
2.909910E01, 9.230508E01
2.947552E01, 8.432172E01
2.985148E01, 7.634700E01
3.022698E01, 6.838092E01
3.060201E01, 6.042348E01
3.097657E01, 5.247468E01
3.135065E01, 4.453452E01
3.172424E01, 3.660300E01
3.209734E01, 2.868012E01
3.246995E01, 2.076588E01
3.284205E01, 1.286028E01
3.321364E01, 4.963320E00
3.358471E01, 3.570750E02
3.395527E01, 3.491953E02
3.432530E01, 3.413243E02
3.469480E01, 3.334619E02
3.506376E01, 3.256081E02
3.543217E01, 3.177630E02
3.580004E01, 3.099265E02
3.616735E01, 3.020987E02
3.653410E01, 2.942795E02
3.690029E01, 2.864689E02
3.726590E01, 2.786670E02
3.763094E01, 2.708737E02
3.799539E01, 2.630891E02
3.835925E01, 2.553131E02
3.872252E01, 2.475457E02
3.908519E01, 2.397870E02
3.944726E01, 2.320369E02
3.980871E01, 2.242955E02
4.016954E01, 2.165627E02
4.052975E01, 2.088385E02
4.088934E01, 2.011230E02
4.124829E01, 1.934161E02
4.160660E01, 1.857179E02
4.196427E01, 1.780283E02
4.232128E01, 1.703473E02
4.267764E01, 1.626750E02
4.303334E01, 1.550113E02
4.338837E01, 1.473563E02
4.374273E01, 1.397099E02
4.409641E01, 1.320721E02
4.444941E01, 1.244430E02
4.480172E01, 1.168225E02
4.515334E01, 1.092107E02
4.550425E01, 1.016075E02
4.585446E01, 9.401292E01
4.620396E01, 8.642700E01
4.655274E01, 7.884972E01
4.690080E01, 7.128108E01
4.724814E01, 6.372108E01
4.759474E01, 5.616972E01
4.794060E01, 4.862700E01
4.828573E01, 4.109292E01
4.863010E01, 3.356748E01
4.897372E01, 2.605068E01
4.931658E01, 1.854252E01
4.965867E01, 1.104300E01
5.000000E01, 3.552120E00
5.034055E01, 3.560699E02
5.068032E01, 3.485963E02
5.101931E01, 3.411313E02
5.135750E01, 3.336750E02
5.169490E01, 3.262273E02
5.203150E01, 3.187883E02
5.236729E01, 3.113579E02
5.270227E01, 3.039361E02
5.303643E01, 2.965230E02
5.336978E01, 2.891185E02
5.370229E01, 2.817227E02
5.403397E01, 2.743355E02
5.436481E01, 2.669569E02
5.469482E01, 2.595870E02
5.502397E01, 2.522257E02
5.535227E01, 2.448731E02
5.567971E01, 2.375291E02
5.600629E01, 2.301937E02
5.633201E01, 2.228670E02
5.665684E01, 2.155489E02
5.698081E01, 2.082395E02
5.730388E01, 2.009387E02
5.762607E01, 1.936465E02
5.794737E01, 1.863630E02
5.826777E01, 1.790881E02
5.858726E01, 1.718219E02
5.890585E01, 1.645643E02
5.922353E01, 1.573153E02
5.954028E01, 1.500750E02
5.985612E01, 1.428433E02
6.017102E01, 1.356203E02
6.048499E01, 1.284059E02
6.079803E01, 1.212001E02
6.111012E01, 1.140030E02
6.142127E01, 1.068145E02
6.173147E01, 9.963468E01
6.204070E01, 9.246348E01
6.234898E01, 8.530092E01
6.265629E01, 7.814700E01
6.296263E01, 7.100172E01
6.326799E01, 6.386508E01
6.357237E01, 5.673708E01
6.387577E01, 4.961772E01
6.417818E01, 4.250700E01
6.447959E01, 3.540492E01
6.478001E01, 2.831148E01
6.507941E01, 2.122668E01
6.537782E01, 1.415052E01
6.567520E01, 7.083000E00
6.597157E01, 2.412000E-02
6.626692E01, 3.529739E02
6.656124E01, 3.459323E02
6.685453E01, 3.388993E02
6.714678E01, 3.318750E02
6.743799E01, 3.248593E02
6.772816E01, 3.178523E02
6.801727E01, 3.108539E02
6.830534E01, 3.038641E02
6.859234E01, 2.968830E02
6.887828E01, 2.899105E02
6.916315E01, 2.829467E02
6.944696E01, 2.759915E02
6.972968E01, 2.690449E02
7.001132E01, 2.621070E02
7.029188E01, 2.551777E02
7.057135E01, 2.482571E02
7.084973E01, 2.413451E02
7.112701E01, 2.344417E02
7.140318E01, 2.275470E02
7.167825E01, 2.206609E02
7.195221E01, 2.137835E02
7.222505E01, 2.069147E02
7.249678E01, 2.000545E02
7.276738E01, 1.932030E02
7.303685E01, 1.863601E02
7.330519E01, 1.795259E02
7.357239E01, 1.727003E02
7.383845E01, 1.658833E02
7.410337E01, 1.590750E02
7.436714E01, 1.522753E02
7.462976E01, 1.454843E02
7.489122E01, 1.387019E02
7.515152E01, 1.319281E02
7.541066E01, 1.251630E02
7.566863E01, 1.184065E02
7.592542E01, 1.116587E02
7.618104E01, 1.049195E02
7.643548E01, 9.818892E01
7.668873E01, 9.146700E01
7.694079E01, 8.475372E01
7.719167E01, 7.804908E01
7.744134E01, 7.135308E01
7.768981E01, 6.466572E01
7.793709E01, 5.798700E01
7.818315E01, 5.131692E01
7.842800E01, 4.465548E01
7.867163E01, 3.800268E01
7.891405E01, 3.135852E01
7.915524E01, 2.472300E01
7.939521E01, 1.809612E01
7.963395E01, 1.147788E01
7.987145E01, 4.868280E00
8.010771E01, 3.582673E02
8.034273E01, 3.516750E02
8.057651E01, 3.450913E02
8.080904E01, 3.385163E02
8.104031E01, 3.319499E02
8.127033E01, 3.253921E02
8.149909E01, 3.188430E02
8.172659E01, 3.123025E02
8.195282E01, 3.057707E02
8.217778E01, 2.992475E02
8.240147E01, 2.927329E02
8.262388E01, 2.862270E02
8.284501E01, 2.797297E02
8.306485E01, 2.732411E02
8.328341E01, 2.667611E02
8.350068E01, 2.602897E02
8.371665E01, 2.538270E02
8.393132E01, 2.473729E02
8.414470E01, 2.409275E02
8.435677E01, 2.344907E02
8.456753E01, 2.280625E02
8.477698E01, 2.216430E02
8.498512E01, 2.152321E02
8.519194E01, 2.088299E02
8.539744E01, 2.024363E02
8.560162E01, 1.960513E02
8.580447E01, 1.896750E02
8.600599E01, 1.833073E02
8.620618E01, 1.769483E02
8.640503E01, 1.705979E02
8.660254E01, 1.642561E02
8.679871E01, 1.579230E02
8.699354E01, 1.515985E02
8.718701E01, 1.452827E02
8.737914E01, 1.389755E02
8.756991E01, 1.326769E02
8.775932E01, 1.263870E02
8.794738E01, 1.201057E02
8.813407E01, 1.138331E02
8.831939E01, 1.075691E02
8.850335E01, 1.013137E02
8.868593E01, 9.506700E01
8.886714E01, 8.882892E01
8.904697E01, 8.259948E01
8.922542E01, 7.637868E01
8.940249E01, 7.016652E01
8.957818E01, 6.396300E01
8.975247E01, 5.776812E01
8.992538E01, 5.158188E01
9.009689E01, 4.540428E01
9.026700E01, 3.923532E01
9.043572E01, 3.307500E01
9.060303E01, 2.692332E01
9.076894E01, 2.078028E01
9.093344E01, 1.464588E01
9.109653E01, 8.520120E00
9.125822E01, 2.403000E00
9.141848E01, 3.562945E02
9.157733E01, 3.501947E02
9.173476E01, 3.441035E02
9.189077E01, 3.380209E02
9.204536E01, 3.319470E02
9.219852E01, 3.258817E02
9.235024E01, 3.198251E02
9.250054E01, 3.137771E02
9.264941E01, 3.077377E02
9.279684E01, 3.017070E02
9.294283E01, 2.956849E02
9.308737E01, 2.896715E02
9.323048E01, 2.836667E02
9.337214E01, 2.776705E02
9.351236E01, 2.716830E02
9.365112E01, 2.657041E02
9.378844E01, 2.597339E02
9.392430E01, 2.537723E02
9.405870E01, 2.478193E02
9.419165E01, 2.418750E02
9.432314E01, 2.359393E02
9.445316E01, 2.300123E02
9.458172E01, 2.240939E02
9.470882E01, 2.181841E02
9.483445E01, 2.122830E02
9.495861E01, 2.063905E02
9.508129E01, 2.005067E02
9.520250E01, 1.946315E02
9.532224E01, 1.887649E02
9.544050E01, 1.829070E02
9.555728E01, 1.770577E02
9.567258E01, 1.712171E02
9.578640E01, 1.653851E02
9.589873E01, 1.595617E02
9.600957E01, 1.537470E02
9.611893E01, 1.479409E02
9.622680E01, 1.421435E02
9.633318E01, 1.363547E02
9.643806E01, 1.305745E02
9.654145E01, 1.248030E02
9.664334E01, 1.190401E02
9.674374E01, 1.132859E02
9.684263E01, 1.075403E02
9.694003E01, 1.018033E02
9.703592E01, 9.607500E01
9.713031E01, 9.035532E01
9.722319E01, 8.464428E01
9.731457E01, 7.894188E01
9.740443E01, 7.324812E01
9.749279E01, 6.756300E01
9.757964E01, 6.188652E01
9.766497E01, 5.621868E01
9.774879E01, 5.055948E01
9.783110E01, 4.490892E01
9.791189E01, 3.926700E01
9.799116E01, 3.363372E01
9.806892E01, 2.800908E01
9.814515E01, 2.239308E01
9.821986E01, 1.678572E01
9.829305E01, 1.118700E01
9.836472E01, 5.596920E00
9.843486E01, 1.548000E-02
9.850348E01, 3.544427E02
9.857057E01, 3.488785E02
9.863613E01, 3.433230E02
9.870016E01, 3.377761E02
9.876267E01, 3.322379E02
9.882364E01, 3.267083E02
9.888308E01, 3.211873E02
9.894099E01, 3.156750E02
9.899737E01, 3.101713E02
9.905221E01, 3.046763E02
9.910551E01, 2.991899E02
9.915728E01, 2.937121E02
9.920752E01, 2.882430E02
9.925621E01, 2.827825E02
9.930337E01, 2.773307E02
9.934899E01, 2.718875E02
9.939307E01, 2.664529E02
9.943561E01, 2.610270E02
9.947660E01, 2.556097E02
9.951606E01, 2.502011E02
9.955397E01, 2.448011E02
9.959034E01, 2.394097E02
9.962517E01, 2.340270E02
9.965845E01, 2.286529E02
9.969019E01, 2.232875E02
9.972038E01, 2.179307E02
9.974903E01, 2.125825E02
9.977613E01, 2.072430E02
9.980168E01, 2.019121E02
9.982569E01, 1.965899E02
9.984815E01, 1.912763E02
9.986906E01, 1.859713E02
9.988843E01, 1.806750E02
9.990625E01, 1.753873E02
9.992252E01, 1.701083E02
9.993724E01, 1.648379E02
9.995041E01, 1.595761E02
9.996203E01, 1.543230E02
9.997210E01, 1.490785E02
9.998063E01, 1.438427E02
9.998760E01, 1.386155E02
9.999303E01, 1.333969E02
9.999690E01, 1.281870E02
9.999923E01, 1.229857E02
1.000000E02, 1.177931E02
1.000000E02, 1.126091E02
1.000000E02, 1.074337E02
1.000000E02, 1.022670E02
1.000000E02, 9.710892E01
1.000000E02, 9.195948E01
1.000000E02, 8.681868E01
1.000000E02, 8.168652E01
1.000000E02, 7.656300E01
1.000000E02, 7.144812E01
1.000000E02, 6.634188E01
1.000000E02, 6.124428E01
1.000000E02, 5.615532E01
1.000000E02, 5.107500E01
1.000000E02, 4.600332E01
1.000000E02, 4.094028E01
1.000000E02, 3.588588E01
1.000000E02, 3.084012E01
1.000000E02, 2.580300E01
1.000000E02, 2.077452E01
1.000000E02, 1.575468E01
1.000000E02, 1.074348E01
1.000000E02, 5.740920E00
1.000000E02, 7.470000E-01
1.000000E02, 3.557617E02
1.000000E02, 3.507851E02
1.000000E02, 3.458171E02
1.000000E02, 3.408577E02
1.000000E02, 3.359070E02
1.000000E02, 3.309649E02
1.000000E02, 3.260315E02
1.000000E02, 3.211067E02
1.000000E02, 3.161905E02
1.000000E02, 3.112830E02
1.000000E02, 3.063841E02
1.000000E02, 3.014939E02
1.000000E02, 2.966123E02
1.000000E02, 2.917393E02
1.000000E02, 2.868750E02
1.000000E02, 2.820193E02
1.000000E02, 2.771723E02
1.000000E02, 2.723339E02
1.000000E02, 2.675041E02
1.000000E02, 2.626830E02
1.000000E02, 2.578705E02
1.000000E02, 2.530667E02
1.000000E02, 2.482715E02
1.000000E02, 2.434849E02
1.000000E02, 2.387070E02
1.000000E02, 2.339377E02
1.000000E02, 2.291771E02
1.000000E02, 2.244251E02
1.000000E02, 2.196817E02
1.000000E02, 2.149470E02
1.000000E02, 2.102209E02
1.000000E02, 2.055035E02
1.000000E02, 2.007947E02
1.000000E02, 1.960945E02
1.000000E02, 1.914030E02
1.000000E02, 1.867201E02
1.000000E02, 1.820459E02
1.000000E02, 1.773803E02
1.000000E02, 1.727233E02
1.000000E02, 1.680750E02
1.000000E02, 1.634353E02
1.000000E02, 1.588043E02
1.000000E02, 1.541819E02
1.000000E02, 1.495681E02
1.000000E02, 1.449630E02
1.000000E02, 1.403665E02
1.000000E02, 1.357787E02
1.000000E02, 1.311995E02
1.000000E02, 1.266289E02
1.000000E02, 1.220670E02
1.000000E02, 1.175137E02
1.000000E02, 1.129691E02
1.000000E02, 1.084331E02
1.000000E02, 1.039057E02
1.000000E02, 9.938700E01
1.000000E02, 9.487692E01
1.000000E02, 9.037548E01
1.000000E02, 8.588268E01
1.000000E02, 8.139852E01
1.000000E02, 7.692300E01
1.000000E02, 7.245612E01
1.000000E02, 6.799788E01
1.000000E02, 6.354828E01
1.000000E02, 5.910732E01
1.000000E02, 5.467500E01
1.000000E02, 5.025132E01
1.000000E02, 4.583628E01
1.000000E02, 4.142988E01
1.000000E02, 3.703212E01
1.000000E02, 3.264300E01
1.000000E02, 2.826252E01
1.000000E02, 2.389068E01
1.000000E02, 1.952748E01
1.000000E02, 1.517292E01
1.000000E02, 1.082700E01
1.000000E02, 6.489720E00
1.000000E02, 2.161080E00
1.000000E02, 3.578411E02
1.000000E02, 3.535297E02
1.000000E02, 3.492270E02
1.000000E02, 3.449329E02
1.000000E02, 3.406475E02
1.000000E02, 3.363707E02
1.000000E02, 3.321025E02
1.000000E02, 3.278430E02
1.000000E02, 3.235921E02
1.000000E02, 3.193499E02
1.000000E02, 3.151163E02
1.000000E02, 3.108913E02
1.000000E02, 3.066750E02
1.000000E02, 3.024673E02
1.000000E02, 2.982683E02
1.000000E02, 2.940779E02
1.000000E02, 2.898961E02
1.000000E02, 2.857230E02
1.000000E02, 2.815585E02
1.000000E02, 2.774027E02
1.000000E02, 2.732555E02
1.000000E02, 2.691169E02
1.000000E02, 2.649870E02
1.000000E02, 2.608657E02
1.000000E02, 2.567531E02
1.000000E02, 2.526491E02
1.000000E02, 2.485537E02
1.000000E02, 2.444670E02
1.000000E02, 2.403889E02
1.000000E02, 2.363195E02
1.000000E02, 2.322587E02
1.000000E02, 2.282065E02
1.000000E02, 2.241630E02
1.000000E02, 2.201281E02
1.000000E02, 2.161019E02
1.000000E02, 2.120843E02
1.000000E02, 2.080753E02
1.000000E02, 2.040750E02
1.000000E02, 2.000833E02
1.000000E02, 1.961003E02
1.000000E02, 1.921259E02
1.000000E02, 1.881601E02
1.000000E02, 1.842030E02
1.000000E02, 1.802545E02
1.000000E02, 1.763147E02
1.000000E02, 1.723835E02
1.000000E02, 1.684609E02
1.000000E02, 1.645470E02
1.000000E02, 1.606417E02
1.000000E02, 1.567451E02
1.000000E02, 1.528571E02
1.000000E02, 1.489777E02
1.000000E02, 1.451070E02
1.000000E02, 1.412449E02
1.000000E02, 1.373915E02
1.000000E02, 1.335467E02
1.000000E02, 1.297105E02
1.000000E02, 1.258830E02
1.000000E02, 1.220641E02
1.000000E02, 1.182539E02
1.000000E02, 1.144523E02
1.000000E02, 1.106593E02
1.000000E02, 1.068750E02
1.000000E02, 1.030993E02
1.000000E02, 9.933228E01
1.000000E02, 9.557388E01
1.000000E02, 9.182412E01
1.000000E02, 8.808300E01
1.000000E02, 8.435052E01
1.000000E02, 8.062668E01
1.000000E02, 7.691148E01
1.000000E02, 7.320492E01
1.000000E02, 6.950700E01
1.000000E02, 6.581772E01
1.000000E02, 6.213708E01
1.000000E02, 5.846508E01
1.000000E02, 5.480172E01
1.000000E02, 5.114700E01
1.000000E02, 4.750092E01
1.000000E02, 4.386348E01
1.000000E02, 4.023468E01
1.000000E02, 3.661452E01
1.000000E02, 3.300300E01
1.000000E02, 2.940012E01
1.000000E02, 2.580588E01
1.000000E02, 2.222028E01
1.000000E02, 1.864332E01
1.000000E02, 1.507500E01
1.000000E02, 1.151532E01
1.000000E02, 7.964280E00
1.000000E02, 4.421880E00
1.000000E02, 8.881200E-01
1.000000E02, 3.573630E02
1.000000E02, 3.538465E02
1.000000E02, 3.503387E02
1.000000E02, 3.468395E02
1.000000E02, 3.433489E02
1.000000E02, 3.398670E02
1.000000E02, 3.363937E02
1.000000E02, 3.329291E02
1.000000E02, 3.294731E02
1.000000E02, 3.260257E02
1.000000E02, 3.225870E02
1.000000E02, 3.191569E02
1.000000E02, 3.157355E02
1.000000E02, 3.123227E02
1.000000E02, 3.089185E02
1.000000E02, 3.055230E02
1.000000E02, 3.021361E02
1.000000E02, 2.987579E02
1.000000E02, 2.953883E02
1.000000E02, 2.920273E02
1.000000E02, 2.886750E02
1.000000E02, 2.853313E02
1.000000E02, 2.819963E02
1.000000E02, 2.786699E02
1.000000E02, 2.753521E02
1.000000E02, 2.720430E02
1.000000E02, 2.687425E02
1.000000E02, 2.654507E02
1.000000E02, 2.621675E02
1.000000E02, 2.588929E02
1.000000E02, 2.556270E02
1.000000E02, 2.523697E02
1.000000E02, 2.491211E02
1.000000E02, 2.458811E02
1.000000E02, 2.426497E02
1.000000E02, 2.394270E02
1.000000E02, 2.362129E02
1.000000E02, 2.330075E02
1.000000E02, 2.298107E02
1.000000E02, 2.266225E02
1.000000E02, 2.234430E02
1.000000E02, 2.202721E02
1.000000E02, 2.171099E02
1.000000E02, 2.139563E02
1.000000E02, 2.108113E02
1.000000E02, 2.076750E02
1.000000E02, 2.045473E02
1.000000E02, 2.014283E02
1.000000E02, 1.983179E02
1.000000E02, 1.952161E02
1.000000E02, 1.921230E02
1.000000E02, 1.890385E02
1.000000E02, 1.859627E02
1.000000E02, 1.828955E02
1.000000E02, 1.798369E02
1.000000E02, 1.767870E02
1.000000E02, 1.737457E02
1.000000E02, 1.707131E02
1.000000E02, 1.676891E02
1.000000E02, 1.646737E02
1.000000E02, 1.616670E02
1.000000E02, 1.586689E02
1.000000E02, 1.556795E02
1.000000E02, 1.526987E02
1.000000E02, 1.497265E02
1.000000E02, 1.467630E02
1.000000E02, 1.438081E02
1.000000E02, 1.408619E02
1.000000E02, 1.379243E02
1.000000E02, 1.349953E02
1.000000E02, 1.320750E02
1.000000E02, 1.291633E02
1.000000E02, 1.262603E02
1.000000E02, 1.233659E02
1.000000E02, 1.204801E02
1.000000E02, 1.176030E02
1.000000E02, 1.147345E02
1.000000E02, 1.118747E02
1.000000E02, 1.090235E02
1.000000E02, 1.061809E02
1.000000E02, 1.033470E02
1.000000E02, 1.005217E02
1.000000E02, 9.770508E01
1.000000E02, 9.489708E01
1.000000E02, 9.209772E01
1.000000E02, 8.930700E01
1.000000E02, 8.652492E01
1.000000E02, 8.375148E01
1.000000E02, 8.098668E01
1.000000E02, 7.823052E01
1.000000E02, 7.548300E01
1.000000E02, 7.274412E01
1.000000E02, 7.001388E01
1.000000E02, 6.729228E01
1.000000E02, 6.457932E01
1.000000E02, 6.187500E01
1.000000E02, 5.917932E01
1.000000E02, 5.649228E01
1.000000E02, 5.381388E01
1.000000E02, 5.114412E01
1.000000E02, 4.848300E01
1.000000E02, 4.583052E01
1.000000E02, 4.318668E01
1.000000E02, 4.055148E01
1.000000E02, 3.792492E01
1.000000E02, 3.530700E01
1.000000E02, 3.269772E01
1.000000E02, 3.009708E01
1.000000E02, 2.750508E01
1.000000E02, 2.492172E01
1.000000E02, 2.234700E01
1.000000E02, 1.978092E01
1.000000E02, 1.722348E01
1.000000E02, 1.467468E01
1.000000E02, 1.213452E01
1.000000E02, 9.603000E00
1.000000E02, 7.080120E00
1.000000E02, 4.565880E00
1.000000E02, 2.060280E00
1.000000E02, 3.595633E02
1.000000E02, 3.570750E02
1.000000E02, 3.545953E02
1.000000E02, 3.521243E02
1.000000E02, 3.496619E02
1.000000E02, 3.472081E02
1.000000E02, 3.447630E02
1.000000E02, 3.423265E02
1.000000E02, 3.398987E02
1.000000E02, 3.374795E02
1.000000E02, 3.350689E02
1.000000E02, 3.326670E02
1.000000E02, 3.302737E02
1.000000E02, 3.278891E02
1.000000E02, 3.255131E02
1.000000E02, 3.231457E02
1.000000E02, 3.207870E02
1.000000E02, 3.184369E02
1.000000E02, 3.160955E02
1.000000E02, 3.137627E02
1.000000E02, 3.114385E02
1.000000E02, 3.091230E02
1.000000E02, 3.068161E02
1.000000E02, 3.045179E02
1.000000E02, 3.022283E02
1.000000E02, 2.999473E02
1.000000E02, 2.976750E02
1.000000E02, 2.954113E02
1.000000E02, 2.931563E02
1.000000E02, 2.909099E02
1.000000E02, 2.886721E02
1.000000E02, 2.864430E02
1.000000E02, 2.842225E02
1.000000E02, 2.820107E02
1.000000E02, 2.798075E02
1.000000E02, 2.776129E02
1.000000E02, 2.754270E02
1.000000E02, 2.732497E02
1.000000E02, 2.710811E02
1.000000E02, 2.689211E02
1.000000E02, 2.667697E02
1.000000E02, 2.646270E02
1.000000E02, 2.624929E02
1.000000E02, 2.603675E02
1.000000E02, 2.582507E02
1.000000E02, 2.561425E02
1.000000E02, 2.540430E02
1.000000E02, 2.519521E02
1.000000E02, 2.498699E02
1.000000E02, 2.477963E02
1.000000E02, 2.457313E02
1.000000E02, 2.436750E02
1.000000E02, 2.416273E02
1.000000E02, 2.395883E02
1.000000E02, 2.375579E02
1.000000E02, 2.355361E02
1.000000E02, 2.335230E02
1.000000E02, 2.315185E02
1.000000E02, 2.295227E02
1.000000E02, 2.275355E02
1.000000E02, 2.255569E02
1.000000E02, 2.235870E02
1.000000E02, 2.216257E02
1.000000E02, 2.196731E02
1.000000E02, 2.177291E02
1.000000E02, 2.157937E02
1.000000E02, 2.138670E02
1.000000E02, 2.119489E02
1.000000E02, 2.100395E02
1.000000E02, 2.081387E02
1.000000E02, 2.062465E02
1.000000E02, 2.043630E02
1.000000E02, 2.024881E02
1.000000E02, 2.006219E02
1.000000E02, 1.987643E02
1.000000E02, 1.969153E02
1.000000E02, 1.950750E02
1.000000E02, 1.932433E02
1.000000E02, 1.914203E02
1.000000E02, 1.896059E02
1.000000E02, 1.878001E02
1.000000E02, 1.860030E02
1.000000E02, 1.842145E02
1.000000E02, 1.824347E02
1.000000E02, 1.806635E02
1.000000E02, 1.789009E02
1.000000E02, 1.771470E02
1.000000E02, 1.754017E02
1.000000E02, 1.736651E02
1.000000E02, 1.719371E02
1.000000E02, 1.702177E02
1.000000E02, 1.685070E02
1.000000E02, 1.668049E02
1.000000E02, 1.651115E02
1.000000E02, 1.634267E02
1.000000E02, 1.617505E02
1.000000E02, 1.600830E02
1.000000E02, 1.584241E02
1.000000E02, 1.567739E02
1.000000E02, 1.551323E02
1.000000E02, 1.534993E02
1.000000E02, 1.518750E02
1.000000E02, 1.502593E02
1.000000E02, 1.486523E02
1.000000E02, 1.470539E02
1.000000E02, 1.454641E02
1.000000E02, 1.438830E02
1.000000E02, 1.423105E02
1.000000E02, 1.407467E02
1.000000E02, 1.391915E02
1.000000E02, 1.376449E02
1.000000E02, 1.361070E02
1.000000E02, 1.345777E02
1.000000E02, 1.330571E02
1.000000E02, 1.315451E02
1.000000E02, 1.300417E02
1.000000E02, 1.285470E02
1.000000E02, 1.270609E02
1.000000E02, 1.255835E02
1.000000E02, 1.241147E02
1.000000E02, 1.226545E02
1.000000E02, 1.212030E02
1.000000E02, 1.197601E02
1.000000E02, 1.183259E02
1.000000E02, 1.169003E02
1.000000E02, 1.154833E02
1.000000E02, 1.140750E02
1.000000E02, 1.126753E02
1.000000E02, 1.112843E02
1.000000E02, 1.099019E02
1.000000E02, 1.085281E02
1.000000E02, 1.071630E02
1.000000E02, 1.058065E02
1.000000E02, 1.044587E02
1.000000E02, 1.031195E02
1.000000E02, 1.017889E02
1.000000E02, 1.004670E02
1.000000E02, 9.915372E01
1.000000E02, 9.784908E01
1.000000E02, 9.655308E01
1.000000E02, 9.526572E01
1.000000E02, 9.398700E01
1.000000E02, 9.271692E01
1.000000E02, 9.145548E01
1.000000E02, 9.020268E01
1.000000E02, 8.895852E01
1.000000E02, 8.772300E01
1.000000E02, 8.649612E01
1.000000E02, 8.527788E01
1.000000E02, 8.406828E01
1.000000E02, 8.286732E01
1.000000E02, 8.167500E01
1.000000E02, 8.049132E01
1.000000E02, 7.931628E01
1.000000E02, 7.814988E01
1.000000E02, 7.699212E01
1.000000E02, 7.584300E01
1.000000E02, 7.470252E01
1.000000E02, 7.357068E01
1.000000E02, 7.244748E01
1.000000E02, 7.133292E01
1.000000E02, 7.022700E01
1.000000E02, 6.912972E01
1.000000E02, 6.804108E01
1.000000E02, 6.696108E01
1.000000E02, 6.588972E01
1.000000E02, 6.482700E01
1.000000E02, 6.377292E01
1.000000E02, 6.272748E01
1.000000E02, 6.169068E01
1.000000E02, 6.066252E01
1.000000E02, 5.964300E01
1.000000E02, 5.863212E01
1.000000E02, 5.762988E01
1.000000E02, 5.663628E01
1.000000E02, 5.565132E01
1.000000E02, 5.467500E01
1.000000E02, 5.370732E01
1.000000E02, 5.274828E01
1.000000E02, 5.179788E01
1.000000E02, 5.085612E01
1.000000E02, 4.992300E01
1.000000E02, 4.899852E01
1.000000E02, 4.808268E01
1.000000E02, 4.717548E01
1.000000E02, 4.627692E01
1.000000E02, 4.538700E01
1.000000E02, 4.450572E01
1.000000E02, 4.363308E01
1.000000E02, 4.276908E01
1.000000E02, 4.191372E01
1.000000E02, 4.106700E01
1.000000E02, 4.022892E01
1.000000E02, 3.939948E01
1.000000E02, 3.857868E01
1.000000E02, 3.776652E01
1.000000E02, 3.696300E01
1.000000E02, 3.616812E01
1.000000E02, 3.538188E01
1.000000E02, 3.460428E01
1.000000E02, 3.383532E01
1.000000E02, 3.307500E01
1.000000E02, 3.232332E01
1.000000E02, 3.158028E01
1.000000E02, 3.084588E01
1.000000E02, 3.012012E01
1.000000E02, 2.940300E01
1.000000E02, 2.869452E01
1.000000E02, 2.799468E01
1.000000E02, 2.730348E01
1.000000E02, 2.662092E01
1.000000E02, 2.594700E01
1.000000E02, 2.528172E01
1.000000E02, 2.462508E01
1.000000E02, 2.397708E01
1.000000E02, 2.333772E01
1.000000E02, 2.270700E01
1.000000E02, 2.208492E01
1.000000E02, 2.147148E01
1.000000E02, 2.086668E01
1.000000E02, 2.027052E01
1.000000E02, 1.968300E01
1.000000E02, 1.910412E01
1.000000E02, 1.853388E01
1.000000E02, 1.797228E01
1.000000E02, 1.741932E01
1.000000E02, 1.687500E01
1.000000E02, 1.633932E01
1.000000E02, 1.581228E01
1.000000E02, 1.529388E01
1.000000E02, 1.478412E01
1.000000E02, 1.428300E01
1.000000E02, 1.379052E01
1.000000E02, 1.330668E01
1.000000E02, 1.283148E01
1.000000E02, 1.236492E01
1.000000E02, 1.190700E01
1.000000E02, 1.145772E01
1.000000E02, 1.101708E01
1.000000E02, 1.058508E01
1.000000E02, 1.016172E01
1.000000E02, 9.747000E00
1.000000E02, 9.340920E00
1.000000E02, 8.943480E00
1.000000E02, 8.554680E00
1.000000E02, 8.174520E00
1.000000E02, 7.803000E00
1.000000E02, 7.440120E00
1.000000E02, 7.085880E00
1.000000E02, 6.740280E00
1.000000E02, 6.403320E00
1.000000E02, 6.075000E00
1.000000E02, 5.755320E00
1.000000E02, 5.444280E00
1.000000E02, 5.141880E00
1.000000E02, 4.848120E00
1.000000E02, 4.563000E00
1.000000E02, 4.286520E00
1.000000E02, 4.018680E00
1.000000E02, 3.759480E00
1.000000E02, 3.508920E00
1.000000E02, 3.267000E00
1.000000E02, 3.033720E00
1.000000E02, 2.809080E00
1.000000E02, 2.593080E00
1.000000E02, 2.385720E00
1.000000E02, 2.187000E00
1.000000E02, 1.996920E00
1.000000E02, 1.815480E00
1.000000E02, 1.642680E00
1.000000E02, 1.478520E00
1.000000E02, 1.323000E00
1.000000E02, 1.176120E00
1.000000E02, 1.037880E00
1.000000E02, 9.082800E-01
1.000000E02, 7.873200E-01
1.000000E02, 6.750000E-01
1.000000E02, 5.713200E-01
1.000000E02, 4.762800E-01
1.000000E02, 3.898800E-01
1.000000E02, 3.121200E-01
1.000000E02, 2.430000E-01
1.000000E02, 1.825200E-01
1.000000E02, 1.306800E-01
1.000000E02, 8.748000E-02
1.000000E02, 5.292000E-02
1.000000E02, 2.700000E-02
1.000000E02, 9.720000E-03
1.000000E02, 1.080000E-03
1.000000E02, 1.080000E-03
1.000000E02, 9.720000E-03
1.000000E02, 2.700000E-02
1.000000E02, 5.292000E-02
1.000000E02, 8.748000E-02
1.000000E02, 1.306800E-01
1.000000E02, 1.825200E-01
1.000000E02, 2.430000E-01
1.000000E02, 3.121200E-01
1.000000E02, 3.898800E-01
1.000000E02, 4.762800E-01
1.000000E02, 5.713200E-01
1.000000E02, 6.750000E-01
1.000000E02, 7.873200E-01
1.000000E02, 9.082800E-01
1.000000E02, 1.037880E00
1.000000E02, 1.176120E00
1.000000E02, 1.323000E00
1.000000E02, 1.478520E00
1.000000E02, 1.642680E00
1.000000E02, 1.815480E00
1.000000E02, 1.996920E00
1.000000E02, 2.187000E00
1.000000E02, 2.385720E00
1.000000E02, 2.593080E00
1.000000E02, 2.809080E00
1.000000E02, 3.033720E00
1.000000E02, 3.267000E00
1.000000E02, 3.508920E00
1.000000E02, 3.759480E00
1.000000E02, 4.018680E00
1.000000E02, 4.286520E00
1.000000E02, 4.563000E00
1.000000E02, 4.848120E00
1.000000E02, 5.141880E00
1.000000E02, 5.444280E00
1.000000E02, 5.755320E00
1.000000E02, 6.075000E00
1.000000E02, 6.403320E00
1.000000E02, 6.740280E00
1.000000E02, 7.085880E00
1.000000E02, 7.440120E00
1.000000E02, 7.803000E00
1.000000E02, 8.174520E00
1.000000E02, 8.554680E00
1.000000E02, 8.943480E00
1.000000E02, 9.340920E00
1.000000E02, 9.747000E00
1.000000E02, 1.016172E01
1.000000E02, 1.058508E01
1.000000E02, 1.101708E01
1.000000E02, 1.145772E01
1.000000E02, 1.190700E01
1.000000E02, 1.236492E01
1.000000E02, 1.283148E01
1.000000E02, 1.330668E01
1.000000E02, 1.379052E01
1.000000E02, 1.428300E01
1.000000E02, 1.478412E01
1.000000E02, 1.529388E01
1.000000E02, 1.581228E01
1.000000E02, 1.633932E01
1.000000E02, 1.687500E01
1.000000E02, 1.741932E01
1.000000E02, 1.797228E01
1.000000E02, 1.853388E01
1.000000E02, 1.910412E01
1.000000E02, 1.968300E01
1.000000E02, 2.027052E01
1.000000E02, 2.086668E01
1.000000E02, 2.147148E01
1.000000E02, 2.208492E01
1.000000E02, 2.270700E01
1.000000E02, 2.333772E01
1.000000E02, 2.397708E01
1.000000E02, 2.462508E01
1.000000E02, 2.528172E01
1.000000E02, 2.594700E01
1.000000E02, 2.662092E01
1.000000E02, 2.730348E01
1.000000E02, 2.799468E01
1.000000E02, 2.869452E01
1.000000E02, 2.940300E01
1.000000E02, 3.012012E01
1.000000E02, 3.084588E01
1.000000E02, 3.158028E01
1.000000E02, 3.232332E01
1.000000E02, 3.307500E01
1.000000E02, 3.383532E01
1.000000E02, 3.460428E01
1.000000E02, 3.538188E01
1.000000E02, 3.616812E01
1.000000E02, 3.696300E01
1.000000E02, 3.776652E01
1.000000E02, 3.857868E01
1.000000E02, 3.939948E01
1.000000E02, 4.022892E01
1.000000E02, 4.106700E01
1.000000E02, 4.191372E01
1.000000E02, 4.276908E01
1.000000E02, 4.363308E01
1.000000E02, 4.450572E01
1.000000E02, 4.538700E01
1.000000E02, 4.627692E01
1.000000E02, 4.717548E01
1.000000E02, 4.808268E01
1.000000E02, 4.899852E01
1.000000E02, 4.992300E01
1.000000E02, 5.085612E01
1.000000E02, 5.179788E01
1.000000E02, 5.274828E01
1.000000E02, 5.370732E01
1.000000E02, 5.467500E01
1.000000E02, 5.565132E01
1.000000E02, 5.663628E01
1.000000E02, 5.762988E01
1.000000E02, 5.863212E01
1.000000E02, 5.964300E01
1.000000E02, 6.066252E01
1.000000E02, 6.169068E01
1.000000E02, 6.272748E01
1.000000E02, 6.377292E01
1.000000E02, 6.482700E01
1.000000E02, 6.588972E01
1.000000E02, 6.696108E01
1.000000E02, 6.804108E01
1.000000E02, 6.912972E01
1.000000E02, 7.022700E01
1.000000E02, 7.133292E01
1.000000E02, 7.244748E01
1.000000E02, 7.357068E01
1.000000E02, 7.470252E01
1.000000E02, 7.584300E01
1.000000E02, 7.699212E01
1.000000E02, 7.814988E01
1.000000E02, 7.931628E01
1.000000E02, 8.049132E01
1.000000E02, 8.167500E01
1.000000E02, 8.286732E01
1.000000E02, 8.406828E01
1.000000E02, 8.527788E01
1.000000E02, 8.649612E01
1.000000E02, 8.772300E01
1.000000E02, 8.895852E01
1.000000E02, 9.020268E01
1.000000E02, 9.145548E01
1.000000E02, 9.271692E01
1.000000E02, 9.398700E01
1.000000E02, 9.526572E01
1.000000E02, 9.655308E01
1.000000E02, 9.784908E01
1.000000E02, 9.915372E01
1.000000E02, 1.004670E02
1.000000E02, 1.017889E02
1.000000E02, 1.031195E02
1.000000E02, 1.044587E02
1.000000E02, 1.058065E02
1.000000E02, 1.071630E02
1.000000E02, 1.085281E02
1.000000E02, 1.099019E02
1.000000E02, 1.112843E02
1.000000E02, 1.126753E02
1.000000E02, 1.140750E02
1.000000E02, 1.154833E02
1.000000E02, 1.169003E02
1.000000E02, 1.183259E02
1.000000E02, 1.197601E02
1.000000E02, 1.212030E02
1.000000E02, 1.226545E02
1.000000E02, 1.241147E02
1.000000E02, 1.255835E02
1.000000E02, 1.270609E02
1.000000E02, 1.285470E02
1.000000E02, 1.300417E02
1.000000E02, 1.315451E02
1.000000E02, 1.330571E02
1.000000E02, 1.345777E02
1.000000E02, 1.361070E02
1.000000E02, 1.376449E02
1.000000E02, 1.391915E02
1.000000E02, 1.407467E02
1.000000E02, 1.423105E02
1.000000E02, 1.438830E02
1.000000E02, 1.454641E02
1.000000E02, 1.470539E02
1.000000E02, 1.486523E02
1.000000E02, 1.502593E02
1.000000E02, 1.518750E02
1.000000E02, 1.534993E02
1.000000E02, 1.551323E02
1.000000E02, 1.567739E02
1.000000E02, 1.584241E02
1.000000E02, 1.600830E02
1.000000E02, 1.617505E02
1.000000E02, 1.634267E02
1.000000E02, 1.651115E02
1.000000E02, 1.668049E02
1.000000E02, 1.685070E02
1.000000E02, 1.702177E02
1.000000E02, 1.719371E02
1.000000E02, 1.736651E02
1.000000E02, 1.754017E02
1.000000E02, 1.771470E02
1.000000E02, 1.789009E02
1.000000E02, 1.806635E02
1.000000E02, 1.824347E02
1.000000E02, 1.842145E02
1.000000E02, 1.860030E02
1.000000E02, 1.878001E02
1.000000E02, 1.896059E02
1.000000E02, 1.914203E02
1.000000E02, 1.932433E02
1.000000E02, 1.950750E02
1.000000E02, 1.969153E02
1.000000E02, 1.987643E02
1.000000E02, 2.006219E02
1.000000E02, 2.024881E02
1.000000E02, 2.043630E02
1.000000E02, 2.062465E02
1.000000E02, 2.081387E02
1.000000E02, 2.100395E02
1.000000E02, 2.119489E02
1.000000E02, 2.138670E02
1.000000E02, 2.157937E02
1.000000E02, 2.177291E02
1.000000E02, 2.196731E02
1.000000E02, 2.216257E02
1.000000E02, 2.235870E02
1.000000E02, 2.255569E02
1.000000E02, 2.275355E02
1.000000E02, 2.295227E02
1.000000E02, 2.315185E02
1.000000E02, 2.335230E02
1.000000E02, 2.355361E02
1.000000E02, 2.375579E02
1.000000E02, 2.395883E02
1.000000E02, 2.416273E02
1.000000E02, 2.436750E02
1.000000E02, 2.457313E02
1.000000E02, 2.477963E02
1.000000E02, 2.498699E02
1.000000E02, 2.519521E02
1.000000E02, 2.540430E02
1.000000E02, 2.561425E02
1.000000E02, 2.582507E02
1.000000E02, 2.603675E02
1.000000E02, 2.624929E02
1.000000E02, 2.646270E02
1.000000E02, 2.667697E02
1.000000E02, 2.689211E02
1.000000E02, 2.710811E02
1.000000E02, 2.732497E02
1.000000E02, 2.754270E02
1.000000E02, 2.776129E02
1.000000E02, 2.798075E02
1.000000E02, 2.820107E02
1.000000E02, 2.842225E02
1.000000E02, 2.864430E02
1.000000E02, 2.886721E02
1.000000E02, 2.909099E02
1.000000E02, 2.931563E02
1.000000E02, 2.954113E02
1.000000E02, 2.976750E02
1.000000E02, 2.999473E02
1.000000E02, 3.022283E02
1.000000E02, 3.045179E02
1.000000E02, 3.068161E02
1.000000E02, 3.091230E02
1.000000E02, 3.114385E02
1.000000E02, 3.137627E02
1.000000E02, 3.160955E02
1.000000E02, 3.184369E02
1.000000E02, 3.207870E02
1.000000E02, 3.231457E02
1.000000E02, 3.255131E02
1.000000E02, 3.278891E02
1.000000E02, 3.302737E02
1.000000E02, 3.326670E02
1.000000E02, 3.350689E02
1.000000E02, 3.374795E02
1.000000E02, 3.398987E02
1.000000E02, 3.423265E02
1.000000E02, 3.447630E02
1.000000E02, 3.472081E02
1.000000E02, 3.496619E02
1.000000E02, 3.521243E02
1.000000E02, 3.545953E02
1.000000E02, 3.570750E02
1.000000E02, 3.595633E02
1.000000E02, 2.060280E00
1.000000E02, 4.565880E00
1.000000E02, 7.080120E00
1.000000E02, 9.603000E00
1.000000E02, 1.213452E01
1.000000E02, 1.467468E01
1.000000E02, 1.722348E01
1.000000E02, 1.978092E01
1.000000E02, 2.234700E01
1.000000E02, 2.492172E01
1.000000E02, 2.750508E01
1.000000E02, 3.009708E01
1.000000E02, 3.269772E01
1.000000E02, 3.530700E01
1.000000E02, 3.792492E01
1.000000E02, 4.055148E01
1.000000E02, 4.318668E01
1.000000E02, 4.583052E01
1.000000E02, 4.848300E01
1.000000E02, 5.114412E01
1.000000E02, 5.381388E01
1.000000E02, 5.649228E01
1.000000E02, 5.917932E01
1.000000E02, 6.187500E01
1.000000E02, 6.457932E01
1.000000E02, 6.729228E01
1.000000E02, 7.001388E01
1.000000E02, 7.274412E01
1.000000E02, 7.548300E01
1.000000E02, 7.823052E01
1.000000E02, 8.098668E01
1.000000E02, 8.375148E01
1.000000E02, 8.652492E01
1.000000E02, 8.930700E01
1.000000E02, 9.209772E01
1.000000E02, 9.489708E01
1.000000E02, 9.770508E01
1.000000E02, 1.005217E02
1.000000E02, 1.033470E02
1.000000E02, 1.061809E02
1.000000E02, 1.090235E02
1.000000E02, 1.118747E02
1.000000E02, 1.147345E02
1.000000E02, 1.176030E02
1.000000E02, 1.204801E02
1.000000E02, 1.233659E02
1.000000E02, 1.262603E02
1.000000E02, 1.291633E02
1.000000E02, 1.320750E02
1.000000E02, 1.349953E02
1.000000E02, 1.379243E02
1.000000E02, 1.408619E02
1.000000E02, 1.438081E02
1.000000E02, 1.467630E02
1.000000E02, 1.497265E02
1.000000E02, 1.526987E02
1.000000E02, 1.556795E02
1.000000E02, 1.586689E02
1.000000E02, 1.616670E02
1.000000E02, 1.646737E02
1.000000E02, 1.676891E02
1.000000E02, 1.707131E02
1.000000E02, 1.737457E02
1.000000E02, 1.767870E02
1.000000E02, 1.798369E02
1.000000E02, 1.828955E02
1.000000E02, 1.859627E02
1.000000E02, 1.890385E02
1.000000E02, 1.921230E02
1.000000E02, 1.952161E02
1.000000E02, 1.983179E02
1.000000E02, 2.014283E02
1.000000E02, 2.045473E02
1.000000E02, 2.076750E02
1.000000E02, 2.108113E02
1.000000E02, 2.139563E02
1.000000E02, 2.171099E02
1.000000E02, 2.202721E02
1.000000E02, 2.234430E02
1.000000E02, 2.266225E02
1.000000E02, 2.298107E02
1.000000E02, 2.330075E02
1.000000E02, 2.362129E02
1.000000E02, 2.394270E02
1.000000E02, 2.426497E02
1.000000E02, 2.458811E02
1.000000E02, 2.491211E02
1.000000E02, 2.523697E02
1.000000E02, 2.556270E02
1.000000E02, 2.588929E02
1.000000E02, 2.621675E02
1.000000E02, 2.654507E02
1.000000E02, 2.687425E02
1.000000E02, 2.720430E02
1.000000E02, 2.753521E02
1.000000E02, 2.786699E02
1.000000E02, 2.819963E02
1.000000E02, 2.853313E02
1.000000E02, 2.886750E02
1.000000E02, 2.920273E02
1.000000E02, 2.953883E02
1.000000E02, 2.987579E02
1.000000E02, 3.021361E02
1.000000E02, 3.055230E02
1.000000E02, 3.089185E02
1.000000E02, 3.123227E02
1.000000E02, 3.157355E02
1.000000E02, 3.191569E02
1.000000E02, 3.225870E02
1.000000E02, 3.260257E02
1.000000E02, 3.294731E02
1.000000E02, 3.329291E02
1.000000E02, 3.363937E02
1.000000E02, 3.398670E02
1.000000E02, 3.433489E02
1.000000E02, 3.468395E02
1.000000E02, 3.503387E02
1.000000E02, 3.538465E02
1.000000E02, 3.573630E02
1.000000E02, 8.881200E-01
1.000000E02, 4.421880E00
1.000000E02, 7.964280E00
1.000000E02, 1.151532E01
1.000000E02, 1.507500E01
1.000000E02, 1.864332E01
1.000000E02, 2.222028E01
1.000000E02, 2.580588E01
1.000000E02, 2.940012E01
1.000000E02, 3.300300E01
1.000000E02, 3.661452E01
1.000000E02, 4.023468E01
1.000000E02, 4.386348E01
1.000000E02, 4.750092E01
1.000000E02, 5.114700E01
1.000000E02, 5.480172E01
1.000000E02, 5.846508E01
1.000000E02, 6.213708E01
1.000000E02, 6.581772E01
1.000000E02, 6.950700E01
1.000000E02, 7.320492E01
1.000000E02, 7.691148E01
1.000000E02, 8.062668E01
1.000000E02, 8.435052E01
1.000000E02, 8.808300E01
1.000000E02, 9.182412E01
1.000000E02, 9.557388E01
1.000000E02, 9.933228E01
1.000000E02, 1.030993E02
1.000000E02, 1.068750E02
1.000000E02, 1.106593E02
1.000000E02, 1.144523E02
1.000000E02, 1.182539E02
1.000000E02, 1.220641E02
1.000000E02, 1.258830E02
1.000000E02, 1.297105E02
1.000000E02, 1.335467E02
1.000000E02, 1.373915E02
1.000000E02, 1.412449E02
1.000000E02, 1.451070E02
1.000000E02, 1.489777E02
1.000000E02, 1.528571E02
1.000000E02, 1.567451E02
1.000000E02, 1.606417E02
1.000000E02, 1.645470E02
1.000000E02, 1.684609E02
1.000000E02, 1.723835E02
1.000000E02, 1.763147E02
1.000000E02, 1.802545E02
1.000000E02, 1.842030E02
1.000000E02, 1.881601E02
1.000000E02, 1.921259E02
1.000000E02, 1.961003E02
1.000000E02, 2.000833E02
1.000000E02, 2.040750E02
1.000000E02, 2.080753E02
1.000000E02, 2.120843E02
1.000000E02, 2.161019E02
1.000000E02, 2.201281E02
1.000000E02, 2.241630E02
1.000000E02, 2.282065E02
1.000000E02, 2.322587E02
1.000000E02, 2.363195E02
1.000000E02, 2.403889E02
1.000000E02, 2.444670E02
1.000000E02, 2.485537E02
1.000000E02, 2.526491E02
1.000000E02, 2.567531E02
1.000000E02, 2.608657E02
1.000000E02, 2.649870E02
1.000000E02, 2.691169E02
1.000000E02, 2.732555E02
1.000000E02, 2.774027E02
1.000000E02, 2.815585E02
1.000000E02, 2.857230E02
1.000000E02, 2.898961E02
1.000000E02, 2.940779E02
1.000000E02, 2.982683E02
1.000000E02, 3.024673E02
1.000000E02, 3.066750E02
1.000000E02, 3.108913E02
1.000000E02, 3.151163E02
1.000000E02, 3.193499E02
1.000000E02, 3.235921E02
1.000000E02, 3.278430E02
1.000000E02, 3.321025E02
1.000000E02, 3.363707E02
1.000000E02, 3.406475E02
1.000000E02, 3.449329E02
1.000000E02, 3.492270E02
1.000000E02, 3.535297E02
1.000000E02, 3.578411E02
1.000000E02, 2.161080E00
1.000000E02, 6.489720E00
1.000000E02, 1.082700E01
1.000000E02, 1.517292E01
1.000000E02, 1.952748E01
1.000000E02, 2.389068E01
1.000000E02, 2.826252E01
1.000000E02, 3.264300E01
1.000000E02, 3.703212E01
1.000000E02, 4.142988E01
1.000000E02, 4.583628E01
1.000000E02, 5.025132E01
1.000000E02, 5.467500E01
1.000000E02, 5.910732E01
1.000000E02, 6.354828E01
1.000000E02, 6.799788E01
1.000000E02, 7.245612E01
1.000000E02, 7.692300E01
1.000000E02, 8.139852E01
1.000000E02, 8.588268E01
1.000000E02, 9.037548E01
1.000000E02, 9.487692E01
1.000000E02, 9.938700E01
1.000000E02, 1.039057E02
1.000000E02, 1.084331E02
1.000000E02, 1.129691E02
1.000000E02, 1.175137E02
1.000000E02, 1.220670E02
1.000000E02, 1.266289E02
1.000000E02, 1.311995E02
1.000000E02, 1.357787E02
1.000000E02, 1.403665E02
1.000000E02, 1.449630E02
1.000000E02, 1.495681E02
1.000000E02, 1.541819E02
1.000000E02, 1.588043E02
1.000000E02, 1.634353E02
1.000000E02, 1.680750E02
1.000000E02, 1.727233E02
1.000000E02, 1.773803E02
1.000000E02, 1.820459E02
1.000000E02, 1.867201E02
1.000000E02, 1.914030E02
1.000000E02, 1.960945E02
1.000000E02, 2.007947E02
1.000000E02, 2.055035E02
1.000000E02, 2.102209E02
1.000000E02, 2.149470E02
1.000000E02, 2.196817E02
1.000000E02, 2.244251E02
1.000000E02, 2.291771E02
1.000000E02, 2.339377E02
1.000000E02, 2.387070E02
1.000000E02, 2.434849E02
1.000000E02, 2.482715E02
1.000000E02, 2.530667E02
1.000000E02, 2.578705E02
1.000000E02, 2.626830E02
1.000000E02, 2.675041E02
1.000000E02, 2.723339E02
1.000000E02, 2.771723E02
1.000000E02, 2.820193E02
1.000000E02, 2.868750E02
1.000000E02, 2.917393E02
1.000000E02, 2.966123E02
1.000000E02, 3.014939E02
1.000000E02, 3.063841E02
1.000000E02, 3.112830E02
1.000000E02, 3.161905E02
1.000000E02, 3.211067E02
1.000000E02, 3.260315E02
1.000000E02, 3.309649E02
1.000000E02, 3.359070E02
1.000000E02, 3.408577E02
1.000000E02, 3.458171E02
1.000000E02, 3.507851E02
1.000000E02, 3.557617E02
1.000000E02, 7.470000E-01
1.000000E02, 5.740920E00
1.000000E02, 1.074348E01
1.000000E02, 1.575468E01
1.000000E02, 2.077452E01
1.000000E02, 2.580300E01
1.000000E02, 3.084012E01
1.000000E02, 3.588588E01
1.000000E02, 4.094028E01
1.000000E02, 4.600332E01
1.000000E02, 5.107500E01
1.000000E02, 5.615532E01
1.000000E02, 6.124428E01
1.000000E02, 6.634188E01
1.000000E02, 7.144812E01
1.000000E02, 7.656300E01
1.000000E02, 8.168652E01
1.000000E02, 8.681868E01
1.000000E02, 9.195948E01
1.000000E02, 9.710892E01
1.000000E02, 1.022670E02
1.000000E02, 1.074337E02
1.000000E02, 1.126091E02
1.000000E02, 1.177931E02
9.999923E01, 1.229857E02
9.999690E01, 1.281870E02
9.999303E01, 1.333969E02
9.998760E01, 1.386155E02
9.998063E01, 1.438427E02
9.997210E01, 1.490785E02
9.996203E01, 1.543230E02
9.995041E01, 1.595761E02
9.993724E01, 1.648379E02
9.992252E01, 1.701083E02
9.990625E01, 1.753873E02
9.988843E01, 1.806750E02
9.986906E01, 1.859713E02
9.984815E01, 1.912763E02
9.982569E01, 1.965899E02
9.980168E01, 2.019121E02
9.977613E01, 2.072430E02
9.974903E01, 2.125825E02
9.972038E01, 2.179307E02
9.969019E01, 2.232875E02
9.965845E01, 2.286529E02
9.962517E01, 2.340270E02
9.959034E01, 2.394097E02
9.955397E01, 2.448011E02
9.951606E01, 2.502011E02
9.947660E01, 2.556097E02
9.943561E01, 2.610270E02
9.939307E01, 2.664529E02
9.934899E01, 2.718875E02
9.930337E01, 2.773307E02
9.925621E01, 2.827825E02
9.920752E01, 2.882430E02
9.915728E01, 2.937121E02
9.910551E01, 2.991899E02
9.905221E01, 3.046763E02
9.899737E01, 3.101713E02
9.894099E01, 3.156750E02
9.888308E01, 3.211873E02
9.882364E01, 3.267083E02
9.876267E01, 3.322379E02
9.870016E01, 3.377761E02
9.863613E01, 3.433230E02
9.857057E01, 3.488785E02
9.850348E01, 3.544427E02
9.843486E01, 1.548000E-02
9.836472E01, 5.596920E00
9.829305E01, 1.118700E01
9.821986E01, 1.678572E01
9.814515E01, 2.239308E01
9.806892E01, 2.800908E01
9.799116E01, 3.363372E01
9.791189E01, 3.926700E01
9.783110E01, 4.490892E01
9.774879E01, 5.055948E01
9.766497E01, 5.621868E01
9.757964E01, 6.188652E01
9.749279E01, 6.756300E01
9.740443E01, 7.324812E01
9.731457E01, 7.894188E01
9.722319E01, 8.464428E01
9.713031E01, 9.035532E01
9.703592E01, 9.607500E01
9.694003E01, 1.018033E02
9.684263E01, 1.075403E02
9.674374E01, 1.132859E02
9.664334E01, 1.190401E02
9.654145E01, 1.248030E02
9.643806E01, 1.305745E02
9.633318E01, 1.363547E02
9.622680E01, 1.421435E02
9.611893E01, 1.479409E02
9.600957E01, 1.537470E02
9.589873E01, 1.595617E02
9.578640E01, 1.653851E02
9.567258E01, 1.712171E02
9.555728E01, 1.770577E02
9.544050E01, 1.829070E02
9.532224E01, 1.887649E02
9.520250E01, 1.946315E02
9.508129E01, 2.005067E02
9.495861E01, 2.063905E02
9.483445E01, 2.122830E02
9.470882E01, 2.181841E02
9.458172E01, 2.240939E02
9.445316E01, 2.300123E02
9.432314E01, 2.359393E02
9.419165E01, 2.418750E02
9.405870E01, 2.478193E02
9.392430E01, 2.537723E02
9.378844E01, 2.597339E02
9.365112E01, 2.657041E02
9.351236E01, 2.716830E02
9.337214E01, 2.776705E02
9.323048E01, 2.836667E02
9.308737E01, 2.896715E02
9.294283E01, 2.956849E02
9.279684E01, 3.017070E02
9.264941E01, 3.077377E02
9.250054E01, 3.137771E02
9.235024E01, 3.198251E02
9.219852E01, 3.258817E02
9.204536E01, 3.319470E02
9.189077E01, 3.380209E02
9.173476E01, 3.441035E02
9.157733E01, 3.501947E02
9.141848E01, 3.562945E02
9.125822E01, 2.403000E00
9.109653E01, 8.520120E00
9.093344E01, 1.464588E01
9.076894E01, 2.078028E01
9.060303E01, 2.692332E01
9.043572E01, 3.307500E01
9.026700E01, 3.923532E01
9.009689E01, 4.540428E01
8.992538E01, 5.158188E01
8.975247E01, 5.776812E01
8.957818E01, 6.396300E01
8.940249E01, 7.016652E01
8.922542E01, 7.637868E01
8.904697E01, 8.259948E01
8.886714E01, 8.882892E01
8.868593E01, 9.506700E01
8.850335E01, 1.013137E02
8.831939E01, 1.075691E02
8.813407E01, 1.138331E02
8.794738E01, 1.201057E02
8.775932E01, 1.263870E02
8.756991E01, 1.326769E02
8.737914E01, 1.389755E02
8.718701E01, 1.452827E02
8.699354E01, 1.515985E02
8.679871E01, 1.579230E02
8.660254E01, 1.642561E02
8.640503E01, 1.705979E02
8.620618E01, 1.769483E02
8.600599E01, 1.833073E02
8.580447E01, 1.896750E02
8.560162E01, 1.960513E02
8.539744E01, 2.024363E02
8.519194E01, 2.088299E02
8.498512E01, 2.152321E02
8.477698E01, 2.216430E02
8.456753E01, 2.280625E02
8.435677E01, 2.344907E02
8.414470E01, 2.409275E02
8.393132E01, 2.473729E02
8.371665E01, 2.538270E02
8.350068E01, 2.602897E02
8.328341E01, 2.667611E02
8.306485E01, 2.732411E02
8.284501E01, 2.797297E02
8.262388E01, 2.862270E02
8.240147E01, 2.927329E02
8.217778E01, 2.992475E02
8.195282E01, 3.057707E02
8.172659E01, 3.123025E02
8.149909E01, 3.188430E02
8.127033E01, 3.253921E02
8.104031E01, 3.319499E02
8.080904E01, 3.385163E02
8.057651E01, 3.450913E02
8.034273E01, 3.516750E02
8.010771E01, 3.582673E02
7.987145E01, 4.868280E00
7.963395E01, 1.147788E01
7.939521E01, 1.809612E01
7.915524E01, 2.472300E01
7.891405E01, 3.135852E01
7.867163E01, 3.800268E01
7.842800E01, 4.465548E01
7.818315E01, 5.131692E01
7.793709E01, 5.798700E01
7.768981E01, 6.466572E01
7.744134E01, 7.135308E01
7.719167E01, 7.804908E01
7.694079E01, 8.475372E01
7.668873E01, 9.146700E01
7.643548E01, 9.818892E01
7.618104E01, 1.049195E02
7.592542E01, 1.116587E02
7.566863E01, 1.184065E02
7.541066E01, 1.251630E02
7.515152E01, 1.319281E02
7.489122E01, 1.387019E02
7.462976E01, 1.454843E02
7.436714E01, 1.522753E02
7.410337E01, 1.590750E02
7.383845E01, 1.658833E02
7.357239E01, 1.727003E02
7.330519E01, 1.795259E02
7.303685E01, 1.863601E02
7.276738E01, 1.932030E02
7.249678E01, 2.000545E02
7.222505E01, 2.069147E02
7.195221E01, 2.137835E02
7.167825E01, 2.206609E02
7.140318E01, 2.275470E02
7.112701E01, 2.344417E02
7.084973E01, 2.413451E02
7.057135E01, 2.482571E02
7.029188E01, 2.551777E02
7.001132E01, 2.621070E02
6.972968E01, 2.690449E02
6.944696E01, 2.759915E02
6.916315E01, 2.829467E02
6.887828E01, 2.899105E02
6.859234E01, 2.968830E02
6.830534E01, 3.038641E02
6.801727E01, 3.108539E02
6.772816E01, 3.178523E02
6.743799E01, 3.248593E02
6.714678E01, 3.318750E02
6.685453E01, 3.388993E02
6.656124E01, 3.459323E02
6.626692E01, 3.529739E02
6.597157E01, 2.412000E-02
6.567520E01, 7.083000E00
6.537782E01, 1.415052E01
6.507941E01, 2.122668E01
6.478001E01, 2.831148E01
6.447959E01, 3.540492E01
6.417818E01, 4.250700E01
6.387577E01, 4.961772E01
6.357237E01, 5.673708E01
6.326799E01, 6.386508E01
6.296263E01, 7.100172E01
6.265629E01, 7.814700E01
6.234898E01, 8.530092E01
6.204070E01, 9.246348E01
6.173147E01, 9.963468E01
6.142127E01, 1.068145E02
6.111012E01, 1.140030E02
6.079803E01, 1.212001E02
6.048499E01, 1.284059E02
6.017102E01, 1.356203E02
5.985612E01, 1.428433E02
5.954028E01, 1.500750E02
5.922353E01, 1.573153E02
5.890585E01, 1.645643E02
5.858726E01, 1.718219E02
5.826777E01, 1.790881E02
5.794737E01, 1.863630E02
5.762607E01, 1.936465E02
5.730388E01, 2.009387E02
5.698081E01, 2.082395E02
5.665684E01, 2.155489E02
5.633201E01, 2.228670E02
5.600629E01, 2.301937E02
5.567971E01, 2.375291E02
5.535227E01, 2.448731E02
5.502397E01, 2.522257E02
5.469482E01, 2.595870E02
5.436481E01, 2.669569E02
5.403397E01, 2.743355E02
5.370229E01, 2.817227E02
5.336978E01, 2.891185E02
5.303643E01, 2.965230E02
5.270227E01, 3.039361E02
5.236729E01, 3.113579E02
5.203150E01, 3.187883E02
5.169490E01, 3.262273E02
5.135750E01, 3.336750E02
5.101931E01, 3.411313E02
5.068032E01, 3.485963E02
5.034055E01, 3.560699E02
5.000000E01, 3.552120E00
4.965867E01, 1.104300E01
4.931658E01, 1.854252E01
4.897372E01, 2.605068E01
4.863010E01, 3.356748E01
4.828573E01, 4.109292E01
4.794060E01, 4.862700E01
4.759474E01, 5.616972E01
4.724814E01, 6.372108E01
4.690080E01, 7.128108E01
4.655274E01, 7.884972E01
4.620396E01, 8.642700E01
4.585446E01, 9.401292E01
4.550425E01, 1.016075E02
4.515334E01, 1.092107E02
4.480172E01, 1.168225E02
4.444941E01, 1.244430E02
4.409641E01, 1.320721E02
4.374273E01, 1.397099E02
4.338837E01, 1.473563E02
4.303334E01, 1.550113E02
4.267764E01, 1.626750E02
4.232128E01, 1.703473E02
4.196427E01, 1.780283E02
4.160660E01, 1.857179E02
4.124829E01, 1.934161E02
4.088934E01, 2.011230E02
4.052975E01, 2.088385E02
4.016954E01, 2.165627E02
3.980871E01, 2.242955E02
3.944726E01, 2.320369E02
3.908519E01, 2.397870E02
3.872252E01, 2.475457E02
3.835925E01, 2.553131E02
3.799539E01, 2.630891E02
3.763094E01, 2.708737E02
3.726590E01, 2.786670E02
3.690029E01, 2.864689E02
3.653410E01, 2.942795E02
3.616735E01, 3.020987E02
3.580004E01, 3.099265E02
3.543217E01, 3.177630E02
3.506376E01, 3.256081E02
3.469480E01, 3.334619E02
3.432530E01, 3.413243E02
3.395527E01, 3.491953E02
3.358471E01, 3.570750E02
3.321364E01, 4.963320E00
3.284205E01, 1.286028E01
3.246995E01, 2.076588E01
3.209734E01, 2.868012E01
3.172424E01, 3.660300E01
3.135065E01, 4.453452E01
3.097657E01, 5.247468E01
3.060201E01, 6.042348E01
3.022698E01, 6.838092E01
2.985148E01, 7.634700E01
2.947552E01, 8.432172E01
2.909910E01, 9.230508E01
2.872223E01, 1.002971E02
2.834491E01, 1.082977E02
2.796715E01, 1.163070E02
2.758896E01, 1.243249E02
2.721035E01, 1.323515E02
2.683131E01, 1.403867E02
2.645185E01, 1.484305E02
2.607199E01, 1.564830E02
2.569172E01, 1.645441E02
2.531105E01, 1.726139E02
2.492999E01, 1.806923E02
2.454855E01, 1.887793E02
2.416672E01, 1.968750E02
2.378452E01, 2.049793E02
2.340195E01, 2.130923E02
2.301902E01, 2.212139E02
2.263573E01, 2.293441E02
2.225209E01, 2.374830E02
2.186811E01, 2.456305E02
2.148379E01, 2.537867E02
2.109913E01, 2.619515E02
2.071415E01, 2.701249E02
2.032884E01, 2.783070E02
1.994322E01, 2.864977E02
1.955729E01, 2.946971E02
1.917106E01, 3.029051E02
1.878453E01, 3.111217E02
1.839771E01, 3.193470E02
1.801061E01, 3.275809E02
1.762323E01, 3.358235E02
1.723557E01, 3.440747E02
1.684764E01, 3.523345E02
1.645946E01, 6.030000E-01
1.607102E01, 8.880120E00
1.568233E01, 1.716588E01
1.529340E01, 2.546028E01
1.490423E01, 3.376332E01
1.451483E01, 4.207500E01
1.412520E01, 5.039532E01
1.373536E01, 5.872428E01
1.334530E01, 6.706188E01
1.295503E01, 7.540812E01
1.256457E01, 8.376300E01
1.217391E01, 9.212652E01
1.178306E01, 1.004987E02
1.139203E01, 1.088795E02
1.100082E01, 1.172689E02
1.060944E01, 1.256670E02
1.021790E01, 1.340737E02
9.826200E00, 1.424891E02
9.434347E00, 1.509131E02
9.042348E00, 1.593457E02
8.650208E00, 1.677870E02
8.257935E00, 1.762369E02
7.865533E00, 1.846955E02
7.473009E00, 1.931627E02
7.080370E00, 2.016385E02
6.687621E00, 2.101230E02
6.294768E00, 2.186161E02
5.901818E00, 2.271179E02
5.508776E00, 2.356283E02
5.115649E00, 2.441473E02
4.722442E00, 2.526750E02
4.329163E00, 2.612113E02
3.935816E00, 2.697563E02
3.542408E00, 2.783099E02
3.148946E00, 2.868721E02
2.755434E00, 2.954430E02
2.361880E00, 3.040225E02
1.968289E00, 3.126107E02
1.574668E00, 3.212075E02
1.181022E00, 3.298129E02
7.873584E-01, 3.384270E02
3.936823E-01, 3.470497E02
0.000000E00, 3.556811E02
##END=
