##TITLE= Parameter file, TopSpin 4.1.0
##JCAMPDX= 5.0
##DATATYPE= Parameter Values
##NPOINTS= 2	$$ modification sequence number
##ORIGIN= Bruker BioSpin GmbH
##OWNER= yongrenjie
$$ 2020-11-20 17:15:19.647 +0000  yongrenjie@Empoleon.local
$$ /Volumes/JonY/dphil/expn/nmr/201119-7g-noah-xspstspx/15003/pdata/1/clevels
$$ process /opt/topspin4.1.0/prog/mod/proc2d
##$LEVELS= (0..255)
5269.31 -5269.31 6567.56 -6567.56 8185.68 -8185.68 10202.46 -10202.46 12716.15
-12716.15 15849.16 -15849.16 19754.07 -19754.07 24621.08 -24621.08 30687.23
-30687.23 38247.95 -38247.95 47671.48 -47671.48 59416.79 -59416.79 74055.9
-74055.9 92301.79 -92301.79 115043.11 -115043.11 143387.44 -143387.44 178715.25
-178715.25 222747.12 -222747.12 277627.56 -277627.56 346029.45 -346029.45
0 0 0 0 0 0 0 0 0 0 0 0 0 0 0 0 0 0 0 0 0 0 0 0 0 0 0 0 0 0 0 0 0 0 0 0
0 0 0 0 0 0 0 0 0 0 0 0 0 0 0 0 0 0 0 0 0 0 0 0 0 0 0 0 0 0 0 0 0 0 0 0
0 0 0 0 0 0 0 0 0 0 0 0 0 0 0 0 0 0 0 0 0 0 0 0 0 0 0 0 0 0 0 0 0 0 0 0
0 0 0 0 0 0 0 0 0 0 0 0 0 0 0 0 0 0 0 0 0 0 0 0 0 0 0 0 0 0 0 0 0 0 0 0
0 0 0 0 0 0 0 0 0 0 0 0 0 0 0 0 0 0 0 0 0 0 0 0 0 0 0 0 0 0 0 0 0 0 0 0
0 0 0 0 0 0 0 0 0 0 0 0 0 0 0 0 0 0 0 0 0 0 0 0 0 0 0 0 0 0 0 0 0 0 0 0
##$LEVSIGN= 3
##$MAXLEV= 20
##$METHOD= 0
##$NEGBASE= -5269.31
##$NEGINCR= 1.8
##$POSBASE= 5269.31
##$POSINCR= 1.8
##END=
